preds
RHEB
['CD19', 'TSC1', 'FOXO3']
preds
TSC2
['MCL1', 'TSC1', 'FOXO3']
preds
TSC1
['PIK3AP1', 'TSC2', 'PTEN']
preds
PDPK1
['IRS1', 'STK11', 'RAC1']
preds
PTEN
['MDM2', 'BCL2', 'GSK3B']
preds
IRS1
['PDPK1', 'PTK2', 'CRTC2']
preds
GSK3B
['MDM2', 'PTEN', 'NOS3']
preds
CDKN1B
['NR4A1', 'BCL2', 'NOS3']
preds
FOXO3
['THEM4', 'NOS3', 'G6PC']
preds
BAD
['PDPK1', 'RAC1', 'GRB2']
preds
MDM2
['PTEN', 'MYB', 'GSK3B']
preds
BCL2L1
['RAC1', 'PTK2', 'GRB2']
preds
GRB2
['BCL2L1', 'CASP9', 'PTK2']
preds
THEM4
['FOXO3', 'NOS3', 'NR4A1']
preds
CDC37
['RAC1', 'PTK2', 'IRS1']
preds
NOS3
['GSK3B', 'THEM4', 'FOXO3']
preds
CRTC2
['IRS1', 'RAC1', 'GRB2']
preds
CDKN1A
['BCL2', 'MDM2', 'PIK3AP1']
preds
CASP9
['GRB2', 'PTK2', 'RAC1']
preds
RAF1
['BCL2L1', 'CRTC2', 'GRB2']
preds
CD19
['BCL2L1', 'IRS1', 'PDPK1']
preds
PTK2
['IRS1', 'BCL2L1', 'RAC1']
preds
RAC1
['EIF4E', 'BCL2L1', 'CRTC2']
preds
BRCA1
['RAC1', 'PTK2', 'CDC37']
preds
BCL2
['PTEN', 'CDKN1B', 'MYB']
preds
MCL1
['TSC2', 'PIK3AP1', 'BCL2']
preds
MYB
['MDM2', 'BCL2', 'FOXO3']
preds
PIK3AP1
['TSC1', 'MCL1', 'PTEN']
preds
NR4A1
['CDKN1B', 'THEM4', 'BCL2']
gen	nevals	avg    	std    	min      	max    
0  	24    	9.37797	5.71671	0.0110484	21.7352
1  	24    	8.21222	5.22774	0.0110484	21.7352
2  	24    	7.63811	5.13401	0.0110484	21.7352
3  	24    	7.29695	4.68611	0.00309412	21.7352
4  	24    	6.93221	4.44938	0.0544759 	21.7352
5  	24    	6.692  	4.31612	0.00254608	21.7352
6  	24    	6.48095	4.3823 	0.0333212 	21.7352
7  	24    	6.22109	4.25565	0.0522086 	20.407 
8  	24    	5.97991	4.09673	0.0522086 	20.407 
9  	24    	5.73642	3.9223 	0.0122039 	20.407 
10 	24    	5.57143	3.78855	0.00778861	19.9039
11 	24    	5.45203	3.5985 	0.00778861	19.9039
12 	24    	5.34423	3.4404 	0.0122039 	18.0051
13 	24    	5.23268	3.35519	0.0440629 	18.0051
14 	24    	5.19148	3.32545	0.0440629 	18.0051
15 	24    	5.13368	3.2659 	0.0440629 	18.0051
16 	24    	5.10285	3.29069	0.0485382 	18.0051
17 	24    	5.06624	3.29803	0.0507593 	18.0051
18 	24    	5.00253	3.35883	0.05062   	18.0051
19 	24    	4.9431 	3.24752	0.05062   	18.0051
20 	24    	4.90792	3.14197	0.0495884 	13.6365
21 	24    	4.87419	3.1415 	0.0495884 	13.6365
22 	24    	4.83081	3.17669	0.0495884 	13.6365
23 	24    	4.7765 	3.07765	0.0526524 	13.6365
24 	24    	4.72542	2.96365	0.0519842 	13.6365
25 	24    	4.7018 	2.97658	0.0519842 	13.6365
26 	24    	4.62898	2.9846 	0.0513772 	13.6365
27 	24    	4.60328	2.93123	0.0513772 	12.3626
28 	24    	4.55162	2.85347	0.0523567 	14.6387
29 	24    	4.47801	2.77202	0.0482534 	11.8138
30 	24    	4.46816	2.77833	0.0482534 	11.8138
31 	24    	4.46625	2.77796	0.0487958 	11.8138
32 	24    	4.4638 	2.77839	0.0487958 	11.8138
33 	24    	4.46189	2.77839	0.0499075 	11.8138
34 	24    	4.46118	2.77817	0.0514167 	11.8138
35 	24    	4.46043	2.77779	0.0513044 	11.8138
36 	24    	4.45787	2.77409	0.0513044 	11.8138
37 	24    	4.45733	2.7734 	0.0520841 	11.8138
38 	24    	4.44071	2.76043	0.0520841 	11.8138
39 	24    	4.42303	2.74044	0.0515725 	11.8138
40 	24    	4.37921	2.7071 	0.0507641 	11.8138
41 	24    	4.30023	2.6451 	0.0515725 	11.8138
42 	24    	4.25362	2.61933	0.0514993 	11.8138
43 	24    	4.1411 	2.51878	0.0527971 	9.92195
44 	24    	4.09996	2.46188	0.0512314 	9.50662
45 	24    	4.09866	2.46175	0.0512314 	9.50437
46 	24    	4.09592	2.46071	0.0516407 	9.50437
47 	24    	4.09474	2.45415	0.0516407 	9.50437
48 	24    	4.08616	2.4441 	0.0516407 	9.50437
49 	24    	4.07703	2.43731	0.0497071 	9.50437
50 	24    	4.06296	2.42372	0.0497071 	9.49781
51 	24    	4.0415 	2.42756	0.0528859 	9.49821
52 	24    	4.03545	2.42724	0.0528859 	9.49821
53 	24    	4.02717	2.42969	0.0508104 	9.49821
54 	24    	4.01174	2.42912	0.0508104 	9.50238
55 	24    	4.00441	2.4369 	0.0214083 	9.80284
56 	24    	3.9961 	2.44323	0.0213531 	9.84269
57 	24    	3.97077	2.43679	0.0213531 	9.84269
58 	24    	3.94468	2.43374	0.0213531 	9.89146
59 	24    	3.91628	2.41576	0.0174377 	10.2407
60 	24    	3.87082	2.36587	0.0150056 	10.2407
61 	24    	3.84825	2.34878	0.0150056 	10.2407
62 	24    	3.84004	2.36801	0.0150056 	10.2407
63 	24    	3.83566	2.42322	0.0130271 	10.2812
64 	24    	3.82587	2.52314	0.0130271 	10.297 
65 	24    	3.80953	2.69511	0.0128617 	10.3102
66 	24    	3.77444	2.70079	0.00688846	10.297 
67 	24    	3.74203	2.70421	0.00486363	10.264 
68 	24    	3.70176	2.71448	0.00486363	10.1881
69 	24    	3.68471	2.72008	0.00688846	10.1993
70 	24    	3.66887	2.73826	0.00688846	10.1993
71 	24    	3.65893	2.72793	0.017172  	9.84799
72 	24    	3.65461	2.72649	0.017172  	9.84799
73 	24    	3.65262	2.71643	0.0200117 	9.83695
74 	24    	3.65184	2.71538	0.0172309 	9.83695
75 	24    	3.65166	2.71552	0.0172309 	9.83695
76 	24    	3.65153	2.71554	0.0190221 	9.83695
77 	24    	3.64923	2.69691	0.0190221 	9.83695
78 	24    	3.64679	2.66859	0.0190221 	9.83695
79 	24    	3.64451	2.64951	0.0190221 	9.82526
80 	24    	3.63661	2.58132	0.0210432 	9.80795
81 	24    	3.63191	2.53041	0.0252782 	9.72697
82 	24    	3.62853	2.49923	0.025555  	9.67267
83 	24    	3.62497	2.48624	0.0277146 	9.50352
84 	24    	3.62231	2.48092	0.0277146 	9.50352
85 	24    	3.61173	2.47964	0.0286787 	9.50584
86 	24    	3.60447	2.48612	0.0263501 	9.50584
87 	24    	3.59842	2.48754	0.027899  	9.50584
88 	24    	3.58556	2.49345	0.027899  	9.53491
89 	24    	3.56375	2.51479	0.0293672 	11.3237
90 	24    	3.53445	2.53922	0.0293672 	11.3635
91 	24    	3.51355	2.52494	0.0301716 	9.54   
92 	24    	3.51114	2.52444	0.0303774 	9.54   
93 	24    	3.50703	2.51898	0.0272779 	9.54   
94 	24    	3.50294	2.51386	0.0272779 	9.54   
95 	24    	3.49537	2.50514	0.0272779 	9.53674
96 	24    	3.48604	2.49395	0.0272779 	9.54623
97 	24    	3.47057	2.49324	0.0272779 	9.54623
98 	24    	3.45446	2.49653	0.0275901 	9.54623
99 	24    	3.44927	2.48941	0.0275901 	9.54623
100	24    	3.44784	2.49056	0.0275901 	9.55362
101	24    	3.44465	2.4877 	0.0275901 	9.55362
102	24    	3.44337	2.48851	0.0275901 	9.55362
103	24    	3.43963	2.48606	0.0275901 	9.55362
104	24    	3.43154	2.478  	0.0275901 	9.55362
105	24    	3.42327	2.47109	0.0275901 	9.53845
106	24    	3.41711	2.46354	0.0275901 	9.52967
107	24    	3.41074	2.44714	0.0509676 	9.53478
108	24    	3.40751	2.44616	0.0509676 	9.54267
109	24    	3.40594	2.44501	0.0526396 	9.53726
110	24    	3.40527	2.44535	0.0528918 	9.53726
111	24    	3.40513	2.44545	0.0528918 	9.53726
112	24    	3.40452	2.44598	0.0528918 	9.53767
113	24    	3.4042 	2.44611	0.0535996 	9.53767
114	24    	3.40342	2.44569	0.0535996 	9.53767
115	24    	3.40288	2.44589	0.0539142 	9.53767
116	24    	3.40208	2.4464 	0.0507699 	9.53949
117	24    	3.40146	2.44679	0.0507699 	9.54781
118	24    	3.40112	2.44696	0.0507699 	9.54781
119	24    	3.39777	2.44546	0.0507699 	9.54781
120	24    	3.39723	2.44506	0.0507699 	9.54781
--- 18391.136390447617 seconds ---
ran GA
