slurmstepd: error: task/cgroup: unable to add task[pid=11431] to memory cg '(null)'
preds
RHEB
['STK11', 'TSC2', 'FOXO3']
preds
TSC2
['PIK3AP1', 'FOXO3', 'THEM4']
preds
TSC1
['MCL1', 'PIK3AP1', 'PTEN']
preds
PDPK1
['IRS1', 'CRTC2', 'RAC1']
preds
PTEN
['GSK3B', 'MYB', 'NOS3']
preds
IRS1
['PDPK1', 'PTK2', 'CDC37']
preds
GSK3B
['PTEN', 'BCL2', 'DDIT4']
preds
CDKN1B
['NR4A1', 'FOXO3', 'G6PC']
preds
FOXO3
['THEM4', 'CDKN1B', 'BCL2']
preds
BAD
['PDPK1', 'CRTC2', 'RAC1']
preds
MDM2
['NOS3', 'CDKN1B', 'TSC1']
preds
BCL2L1
['RAC1', 'CASP9', 'PDPK1']
preds
GRB2
['CDC37', 'PTK2', 'IRS1']
preds
THEM4
['FOXO3', 'NOS3', 'NR4A1']
preds
CDC37
['CASP9', 'GRB2', 'RAC1']
preds
NOS3
['THEM4', 'NR4A1', 'PTEN']
preds
CRTC2
['PTK2', 'EIF4EBP1', 'PDPK1']
preds
CDKN1A
['THEM4', 'PTEN', 'FOXO3']
preds
CASP9
['CDC37', 'BCL2L1', 'PTK2']
preds
RAF1
['RAC1', 'GRB2', 'CDC37']
preds
CD19
['SYK', 'IRS1', 'PDPK1']
preds
PTK2
['IRS1', 'CRTC2', 'RAC1']
preds
RAC1
['BCL2L1', 'BRCA1', 'PDPK1']
preds
BRCA1
['RAC1', 'CRTC2', 'PTK2']
preds
BCL2
['GSK3B', 'FOXO3', 'MCL1']
preds
MCL1
['TSC1', 'BCL2', 'PTEN']
preds
MYB
['PTEN', 'NR4A1', 'PIK3AP1']
preds
PIK3AP1
['TSC1', 'TSC2', 'MYB']
preds
NR4A1
['CDKN1B', 'THEM4', 'NOS3']
gen	nevals	avg    	std    	min       	max    
0  	24    	8.86132	5.87511	0.00864536	25.4239
1  	24    	8.12398	5.61702	0.00864536	25.4239
2  	24    	7.71287	5.67011	0.00864536	25.4239
3  	24    	7.21607	5.25507	0.00824667	25.4129
4  	24    	6.60242	4.88242	0.007143  	21.8217
5  	24    	5.81816	4.61488	0.007143  	21.8164
6  	24    	5.46954	4.37021	0.007143  	21.8164
7  	24    	5.32463	3.97367	0.007143  	19.9598
8  	24    	5.13288	3.55671	0.010917  	19.8721
9  	24    	4.8694 	3.19411	0.0100795 	15.875 
10 	24    	4.60223	2.83243	0.00951724	15.875 
11 	24    	4.34486	2.55923	0.00873038	12.5334
12 	24    	4.16239	2.29187	0.00928334	11.7161
13 	24    	4.08977	2.23169	0.0100795 	9.78106
14 	24    	4.0848 	2.24312	0.00957164	9.78106
15 	24    	4.07041	2.25867	0.00785532	9.78106
16 	24    	4.05167	2.26651	0.00785532	9.78106
17 	24    	4.00809	2.2047 	0.0092594 	9.78106
18 	24    	3.95659	2.23366	0.00850402	8.13225
19 	24    	3.90826	2.16283	0.00850402	7.76213
20 	24    	3.8845 	2.16015	0.00850402	7.75265
21 	24    	3.87872	2.14696	0.00850402	7.75265
22 	24    	3.87178	2.12826	0.00850402	7.75265
23 	24    	3.85976	2.05632	0.00902507	7.75265
24 	24    	3.85171	2.0684 	0.00902507	8.73839
25 	24    	3.82548	2.10763	0.00798638	9.20101
26 	24    	3.78613	2.13589	0.00791016	9.20101
27 	24    	3.75515	2.16262	0.00791016	9.20524
28 	24    	3.71373	2.18385	0.00735289	9.20524
29 	24    	3.67067	2.11813	0.00735289	8.22927
30 	24    	3.65597	2.14126	0.00824458	8.23149
31 	24    	3.64999	2.13471	0.00858418	8.22927
32 	24    	3.6427 	2.12869	0.00851341	8.23307
33 	24    	3.63868	2.12035	0.0179896 	8.23393
34 	24    	3.63526	2.11614	0.0179896 	8.23393
35 	24    	3.62599	2.10341	0.0181038 	8.23281
36 	24    	3.61028	2.08994	0.0181038 	8.23281
37 	24    	3.60102	2.06742	0.0181038 	8.23281
38 	24    	3.60003	2.06648	0.0181038 	8.22577
39 	24    	3.59876	2.06595	0.0181038 	8.22577
40 	24    	3.59524	2.06546	0.0176188 	8.22561
41 	24    	3.58864	2.06444	0.0176188 	8.19546
42 	24    	3.58738	2.06413	0.0176188 	8.10526
43 	24    	3.58713	2.06395	0.0176188 	8.10137
44 	24    	3.58697	2.06381	0.0176188 	8.10089
45 	24    	3.58677	2.06375	0.0174324 	8.10078
46 	24    	3.58629	2.06427	0.0171849 	8.10874
47 	24    	3.58508	2.06493	0.0171849 	8.10874
48 	24    	3.5845 	2.06567	0.0171849 	8.10078
49 	24    	3.58068	2.06805	0.0171273 	8.09744
50 	24    	3.57415	2.06917	0.0171273 	8.1047 
51 	24    	3.56693	2.07975	0.0171273 	11.2132
52 	24    	3.55337	2.09081	0.0171273 	11.241 
53 	24    	3.54014	2.10095	0.0182906 	11.241 
54 	24    	3.5286 	2.08963	0.0172893 	8.11898
55 	24    	3.51967	2.08838	0.0172893 	8.09648
56 	24    	3.51325	2.09014	0.0172893 	8.09621
57 	24    	3.51283	2.09008	0.0172893 	8.09644
58 	24    	3.51261	2.09077	0.0177314 	8.10154
59 	24    	3.51243	2.09086	0.0177314 	8.10154
60 	24    	3.51225	2.09272	0.0182575 	8.10154
61 	24    	3.50897	2.0916 	0.0182575 	8.10154
62 	24    	3.5089 	2.09371	0.0182575 	8.10203
63 	24    	3.50572	2.09133	0.0182575 	8.09761
64 	24    	3.49418	2.08735	0.0182575 	8.09761
65 	24    	3.48785	2.08321	0.0182575 	8.09761
66 	24    	3.46741	2.06997	0.0182575 	8.09991
67 	24    	3.43148	2.03904	0.0182909 	8.09991
68 	24    	3.42668	2.04352	0.0185929 	8.09619
69 	24    	3.41395	2.05781	0.0169884 	8.09722
70 	24    	3.39017	2.08501	0.0169884 	8.09697
71 	24    	3.38695	2.08851	0.0169884 	8.10088
72 	24    	3.38679	2.08839	0.0185869 	8.10088
73 	24    	3.38644	2.08842	0.0187955 	8.10088
74 	24    	3.38629	2.0883 	0.0184211 	8.09928
75 	24    	3.38621	2.08819	0.0183651 	8.09637
76 	24    	3.3862 	2.08824	0.0183651 	8.09637
77 	24    	3.38567	2.08801	0.0177189 	8.09729
78 	24    	3.37984	2.08831	0.0183651 	8.09637
79 	24    	3.37358	2.08913	0.0183651 	8.11792
80 	24    	3.37208	2.08867	0.0175135 	8.11792
81 	24    	3.35967	2.08227	0.0185922 	8.11792
82 	24    	3.34368	2.07781	0.0180859 	8.11792
83 	24    	3.30385	2.06641	0.0183602 	8.11792
84 	24    	3.26389	2.06463	0.0183168 	8.09708
85 	24    	3.26077	2.03553	0.0175315 	8.09708
86 	24    	3.25688	2.03814	0.0175315 	8.09708
87 	24    	3.2536 	2.0542 	0.0175315 	8.09708
88 	24    	3.25124	2.03454	0.0175315 	8.09419
89 	24    	3.2481 	2.001  	0.0183859 	8.09399
90 	24    	3.24656	1.98734	0.0184228 	8.09376
91 	24    	3.24226	1.93945	0.0174545 	6.11751
92 	24    	3.24158	1.93968	0.0178205 	6.11701
93 	24    	3.24099	1.94007	0.0178205 	6.11701
94 	24    	3.23861	1.94062	0.0178205 	7.08353
95 	24    	3.23821	1.94076	0.0178205 	7.08353
96 	24    	3.23575	1.94133	0.017553  	7.11788
97 	24    	3.23302	1.94162	0.017553  	7.11788
98 	24    	3.22966	1.94194	0.017553  	7.11788
99 	24    	3.22471	1.94366	0.0182998 	7.12032
100	24    	3.21862	1.94568	0.0188    	7.12032
101	24    	3.2097 	1.94886	0.0187481 	7.12032
102	24    	3.19536	1.9537 	0.0181556 	7.12762
103	24    	3.18881	1.96448	0.0177566 	9.1231 
104	24    	3.17493	1.96689	0.0177566 	9.1231 
105	24    	3.16853	1.95506	0.0180333 	7.13473
106	24    	3.16669	1.95252	0.0180333 	7.13473
107	24    	3.16436	1.94988	0.0180333 	7.13473
108	24    	3.15719	1.94217	0.0180333 	7.14468
109	24    	3.14536	1.9293 	0.0180333 	7.14468
110	24    	3.13053	1.9107 	0.0180333 	7.14468
111	24    	3.11612	1.89759	0.01712   	7.17132
112	24    	3.11393	1.89671	0.01712   	7.14468
113	24    	3.11217	1.89509	0.01712   	7.1557 
114	24    	3.10984	1.89179	0.0171278 	7.17086
115	24    	3.10584	1.88717	0.0171278 	7.17086
116	24    	3.10436	1.88541	0.0171278 	7.17086
117	24    	3.10377	1.88519	0.0180083 	7.1583 
118	24    	3.10332	1.88491	0.0180083 	7.13972
119	24    	3.10276	1.88525	0.0180356 	7.14468
120	24    	3.10228	1.88519	0.0180356 	7.1465 
--- 19388.72483086586 seconds ---
ran GA
