preds
F11R
['CXCR4', 'RHOA', 'RAC1']
preds
ITGAL
['RASSF5', 'JAM3', 'PTK2B']
preds
RHOA
['CDC42', 'RAC1', 'PTK2']
preds
JAM3
['ITGAL', 'CDC42', 'RHOA']
preds
RAC1
['RHOA', 'RAC2', 'NCF4']
preds
RAC2
['RAC1', 'CXCR4', 'ICAM1']
preds
RASSF5
['PXN', 'PTK2B', 'ITGAL']
preds
PTK2B
['ITGA4', 'SIPA1', 'RASSF5']
preds
CXCR4
['F11R', 'CDC42', 'RHOA']
preds
ICAM1
['ITGB1', 'RAC1', 'RAC2']
preds
CDC42
['RHOA', 'CXCR4', 'ITGB1']
gen	nevals	avg    	std    	min        	max   
0  	24    	6.75085	4.55833	5.42627e-05	19.971
1  	24    	5.64899	3.48206	5.42627e-05	19.971
2  	24    	5.38485	2.92249	7.89751e-05	18.1283
3  	24    	5.03095	2.58178	7.89751e-05	15.4024
4  	24    	4.80279	2.33397	7.64746e-05	15.4024
5  	24    	4.70321	2.25247	7.64746e-05	15.4024
6  	24    	4.64397	2.17965	4.8158e-05 	15.4024
7  	24    	4.59904	2.1004 	4.8158e-05 	15.4024
8  	24    	4.48295	2.00229	7.64746e-05	13.2801
9  	24    	4.35457	1.94602	7.26094e-05	13.2801
10 	24    	4.25794	1.83475	5.72329e-05	10.1835
11 	24    	4.18539	1.73781	0.000107551	10.1794
12 	24    	4.11208	1.63745	7.13057e-05	10.1685
13 	24    	4.01838	1.49904	4.42571e-05	7.73701
14 	24    	3.97838	1.47602	0.000133558	6.48438
15 	24    	3.97395	1.46954	0.000127735	6.42905
16 	24    	3.97316	1.46925	9.94502e-05	6.43934
17 	24    	3.97291	1.46904	9.94502e-05	6.43934
18 	24    	3.9726 	1.46927	3.90762e-05	6.43934
19 	24    	3.97167	1.46985	0.000106913	6.43934
20 	24    	3.96997	1.47144	0.000149922	6.43943
21 	24    	3.96893	1.47202	0.000149922	6.43943
22 	24    	3.96807	1.46768	0.000126688	6.44363
23 	24    	3.96752	1.46496	5.88182e-05	6.44363
24 	24    	3.96719	1.46508	5.88182e-05	6.44442
25 	24    	3.96369	1.46103	5.88182e-05	6.44389
26 	24    	3.95707	1.45345	5.88182e-05	6.44117
27 	24    	3.94068	1.43616	5.88182e-05	6.44117
28 	24    	3.91189	1.40401	0.000139601	6.43864
29 	24    	3.88923	1.37748	8.80267e-05	5.71878
30 	24    	3.88862	1.37694	6.14688e-05	5.74109
31 	24    	3.88836	1.37697	6.14688e-05	5.74109
32 	24    	3.88818	1.37677	5.45477e-05	5.74109
33 	24    	3.8881 	1.37673	5.45477e-05	5.72144
34 	24    	3.8879 	1.37678	5.45477e-05	5.72144
35 	24    	3.88774	1.37656	0.000130064	5.72144
36 	24    	3.88764	1.3764 	0.000130064	5.72144
37 	24    	3.88758	1.37633	0.000130064	5.72105
38 	24    	3.88756	1.37615	0.000130064	5.72105
39 	24    	3.88744	1.37623	0.000130064	5.72105
40 	24    	3.88738	1.37632	0.000130064	5.72105
41 	24    	3.88736	1.37628	0.000130064	5.72105
42 	24    	3.8873 	1.37623	0.000130064	5.72105
43 	24    	3.88728	1.37612	0.000130064	5.72105
44 	24    	3.88722	1.37625	0.000102324	5.73385
45 	24    	3.88722	1.37637	0.000102324	5.73385
46 	24    	3.88722	1.37637	0.000102324	5.73385
47 	24    	3.88722	1.37637	0.000102324	5.73385
48 	24    	3.88712	1.37646	0.000102324	5.75734
49 	24    	3.88712	1.3764 	0.000102324	5.75734
50 	24    	3.88712	1.3764 	0.000102324	5.75734
51 	24    	3.88712	1.3764 	0.000102324	5.75734
52 	24    	3.88711	1.37674	0.000102324	5.77092
53 	24    	3.88701	1.37699	0.000101659	5.77092
54 	24    	3.88689	1.37721	0.000101659	5.77092
55 	24    	3.88677	1.37751	0.000101659	5.7675 
56 	24    	3.88668	1.37761	0.000101659	5.7675 
57 	24    	3.88431	1.38043	0.000101659	5.77555
58 	24    	3.87971	1.38508	0.000101659	5.77555
59 	24    	3.87743	1.38752	0.000101659	5.77854
60 	24    	3.86853	1.39614	0.000101659	5.77854
61 	24    	3.84899	1.41489	8.12615e-05	5.78411
62 	24    	3.83182	1.42866	8.12615e-05	5.78411
63 	24    	3.83089	1.43038	6.24412e-05	5.78643
64 	24    	3.82834	1.42922	6.24412e-05	6.18262
65 	24    	3.82808	1.4309 	6.24412e-05	6.18262
66 	24    	3.82783	1.43138	0.000129012	6.18262
67 	24    	3.82555	1.42955	0.000129012	6.18262
68 	24    	3.82126	1.42579	8.76517e-05	6.18262
69 	24    	3.81725	1.42205	8.76517e-05	6.18262
70 	24    	3.80719	1.41339	8.76517e-05	6.18617
71 	24    	3.79292	1.40096	4.59571e-05	6.2169 
72 	24    	3.77486	1.39174	4.59571e-05	6.22726
73 	24    	3.77356	1.39185	0.000101928	6.2169 
74 	24    	3.76794	1.39267	0.000101928	6.20663
75 	24    	3.76316	1.39351	0.000101928	6.20663
76 	24    	3.75808	1.3943 	9.29831e-05	6.20926
77 	24    	3.7435 	1.39632	9.29831e-05	6.20926
78 	24    	3.72148	1.40139	4.58397e-05	6.31783
79 	24    	3.66688	1.40881	4.58397e-05	6.31783
80 	24    	3.66223	1.40567	5.37427e-05	6.21316
81 	24    	3.66121	1.40662	5.37427e-05	6.21316
82 	24    	3.66045	1.40701	5.37427e-05	6.21316
83 	24    	3.65951	1.40884	5.37427e-05	6.21316
84 	24    	3.64978	1.417  	9.00527e-05	6.30533
85 	24    	3.64785	1.42148	4.94571e-05	6.30533
86 	24    	3.64621	1.42349	8.08761e-05	6.30533
87 	24    	3.63744	1.42867	8.08761e-05	6.32099
88 	24    	3.62896	1.4337 	9.01687e-05	6.32099
89 	24    	3.60376	1.44851	9.01687e-05	6.32099
90 	24    	3.57058	1.46759	9.01687e-05	6.32099
91 	24    	3.48687	1.51207	0.000126673	6.37307
92 	24    	3.45018	1.52691	0.000110684	6.37307
93 	24    	3.44723	1.52411	6.97756e-05	6.37307
94 	24    	3.44101	1.52315	5.73999e-05	6.37307
95 	24    	3.43909	1.52246	6.97756e-05	6.36282
96 	24    	3.43849	1.52218	6.97756e-05	6.36264
97 	24    	3.43808	1.52232	6.97756e-05	6.36624
98 	24    	3.4373 	1.52266	6.97756e-05	6.36624
99 	24    	3.43577	1.52164	6.97756e-05	6.36624
100	24    	3.43392	1.5189 	6.97756e-05	6.36624
101	24    	3.43002	1.51263	6.97756e-05	6.36624
102	24    	3.42696	1.49598	6.97756e-05	6.36203
103	24    	3.42397	1.47995	6.97756e-05	6.36203
104	24    	3.42268	1.48023	0.000103308	6.36363
105	24    	3.42082	1.4803 	4.17606e-05	6.36363
106	24    	3.4188 	1.48258	4.17606e-05	6.36426
107	24    	3.41838	1.4829 	0.000103308	6.36363
108	24    	3.41803	1.48313	0.000103308	6.3682 
109	24    	3.41779	1.48323	0.000103308	6.3682 
110	24    	3.41726	1.48419	0.000103308	6.3682 
111	24    	3.41688	1.48443	0.000106226	6.3682 
112	24    	3.41602	1.4853 	0.000106226	6.3682 
113	24    	3.41519	1.48531	0.000147319	6.36578
114	24    	3.41441	1.48684	9.1366e-05 	6.36578
115	24    	3.41405	1.48713	6.61687e-05	6.37036
116	24    	3.41365	1.48667	6.61687e-05	6.36842
117	24    	3.41355	1.48634	6.61687e-05	6.36842
118	24    	3.4133 	1.48633	8.25184e-05	6.37032
119	24    	3.4131 	1.48632	8.25184e-05	6.37032
120	24    	3.41299	1.48583	8.25184e-05	6.36842
--- 7391.1684923172 seconds ---
ran GA
