slurmstepd: error: task/cgroup: unable to add task[pid=11571] to memory cg '(null)'
preds
RHEB
['RAC1', 'PIK3AP1', 'NR4A1']
preds
TSC2
['MCL1', 'TSC1', 'PIK3AP1']
preds
TSC1
['MCL1', 'PIK3AP1', 'TSC2']
preds
PDPK1
['IRS1', 'STK11', 'CRTC2']
preds
PTEN
['BCL2', 'NOS3', 'CDKN1B']
preds
IRS1
['PDPK1', 'CRTC2', 'BCL2L1']
preds
GSK3B
['MYB', 'NOS3', 'BCL2']
preds
CDKN1B
['THEM4', 'FOXO3', 'NOS3']
preds
FOXO3
['CDKN1B', 'BCL2', 'CDKN1A']
preds
BAD
['PDPK1', 'GRB2', 'IRS1']
preds
MDM2
['MYB', 'CDKN1B', 'PIK3AP1']
preds
BCL2L1
['IRS1', 'PTK2', 'GRB2']
preds
GRB2
['CDC37', 'BCL2L1', 'PTK2']
preds
THEM4
['CDKN1B', 'NR4A1', 'PTEN']
preds
CDC37
['GRB2', 'PTK2', 'PDPK1']
preds
NOS3
['GSK3B', 'PTEN', 'CDKN1B']
preds
CRTC2
['IRS1', 'RAC1', 'PTK2']
preds
CDKN1A
['PTEN', 'G6PC', 'FOXO3']
preds
CASP9
['PTK2', 'IRS1', 'PDPK1']
preds
RAF1
['RAC1', 'BCL2L1', 'CRTC2']
preds
CD19
['CDC37', 'GRB2', 'BCL2L1']
preds
PTK2
['BCL2L1', 'CRTC2', 'EIF4E']
preds
RAC1
['RHEB', 'CRTC2', 'IRS1']
preds
BRCA1
['RAC1', 'PTK2', 'CDC37']
preds
BCL2
['PTEN', 'MYB', 'GSK3B']
preds
MCL1
['TSC1', 'TSC2', 'PTEN']
preds
MYB
['GSK3B', 'MDM2', 'BCL2']
preds
PIK3AP1
['TSC1', 'TSC2', 'MDM2']
preds
NR4A1
['THEM4', 'PTEN', 'CDKN1A']
gen	nevals	avg    	std    	min      	max    
0  	24    	8.57095	5.68449	0.0535668	25.7686
1  	24    	7.01981	4.82112	0.0187495	25.7686
2  	24    	6.43272	4.08131	0.0187495	21.7352
3  	24    	6.00287	3.72519	0.0187495	21.6117
4  	24    	5.45948	3.24372	0.0187495	19.9039
5  	24    	5.28582	2.94992	0.0162192	19.7723
6  	24    	5.19357	2.88248	0.0162192	19.7723
7  	24    	5.10534	3.10629	0.0158946	19.7886
8  	24    	5.04687	3.14936	0.0158946	19.7886
9  	24    	4.9891 	2.997  	0.0158946	19.7886
10 	24    	4.96517	3.13855	0.0158946	18.988 
11 	24    	4.92121	3.37682	0.0144556	18.9985
12 	24    	4.82932	3.08683	0.0137086	18.9937
13 	24    	4.7385 	3.08337	0.0151389	18.2952
14 	24    	4.64712	3.08433	0.0151389	18.2927
15 	24    	4.56746	2.90852	0.0133695	18.2927
16 	24    	4.53099	2.91971	0.012742 	18.2927
17 	24    	4.51505	2.92665	0.012742 	18.2927
18 	24    	4.48996	2.9215 	0.0120652	18.2927
19 	24    	4.45615	2.92668	0.0125162	18.2927
20 	24    	4.42974	2.98368	0.0182818	11.2139
21 	24    	4.40683	3.08174	0.0169476	11.2147
22 	24    	4.3868 	3.07672	0.0155636	11.2027
23 	24    	4.37748	3.05349	0.0162534	11.1977
24 	24    	4.36827	3.03664	0.0142455	11.188 
25 	24    	4.32021	2.91308	0.014183 	11.1669
26 	24    	4.29072	2.89051	0.014183 	11.1669
27 	24    	4.24653	2.8773 	0.014183 	11.0595
28 	24    	4.2242 	2.85034	0.014183 	11.0595
29 	24    	4.19477	2.81248	0.014183 	11.1367
30 	24    	4.15104	2.74141	0.0130603	10.6083
31 	24    	4.11919	2.75346	0.0145633	10.6113
32 	24    	4.10935	2.75677	0.0136443	10.6113
33 	24    	4.0989 	2.77557	0.0145633	10.6109
34 	24    	4.08628	2.75749	0.0153681	10.6098
35 	24    	4.08146	2.7571 	0.0150561	10.6098
36 	24    	4.07629	2.76099	0.0140908	10.6188
37 	24    	4.07033	2.75896	0.0150561	10.6188
38 	24    	4.06562	2.7584 	0.0145605	10.6098
39 	24    	4.06318	2.75962	0.0140272	10.612 
40 	24    	4.06137	2.76121	0.0145605	10.612 
41 	24    	4.05224	2.77762	0.0145605	11.7525
42 	24    	4.04389	2.77818	0.0143187	11.7525
43 	24    	4.02718	2.76539	0.0140811	11.7525
44 	24    	4.00673	2.7663 	0.0149984	16.8541
45 	24    	3.9782 	2.75495	0.0146323	16.8541
46 	24    	3.95705	2.72831	0.01431  	11.7525
47 	24    	3.93315	2.75399	0.01431  	12.4692
48 	24    	3.90777	2.74356	0.0152825	12.4692
49 	24    	3.87853	2.71755	0.0154035	12.4692
50 	24    	3.85428	2.71939	0.0142425	12.4746
51 	24    	3.83242	2.74165	0.0142425	12.4825
52 	24    	3.81251	2.81507	0.0142425	12.5194
53 	24    	3.78919	2.84111	0.0143412	12.5194
54 	24    	3.77752	2.89507	0.0160148	12.5194
55 	24    	3.7682 	2.91911	0.0169012	12.5194
56 	24    	3.75815	2.94214	0.0169725	12.5176
57 	24    	3.73992	2.94944	0.0169725	12.5176
58 	24    	3.71957	2.98818	0.0163405	12.5176
59 	24    	3.70968	2.91519	0.0163405	12.4973
60 	24    	3.69647	2.78401	0.0169725	12.4976
61 	24    	3.69071	2.7521 	0.0159741	12.5027
62 	24    	3.68402	2.75117	0.0159741	12.5027
63 	24    	3.68125	2.75915	0.0159741	12.4976
64 	24    	3.66903	2.79155	0.0175411	12.4976
65 	24    	3.64532	2.85664	0.0167836	12.4986
66 	24    	3.63048	2.92054	0.0161055	17.9891
67 	24    	3.62477	2.95286	0.0161055	18.016 
68 	24    	3.61162	3.04934	0.0115811	18.016 
69 	24    	3.59472	3.1699 	0.0115811	18.016 
70 	24    	3.56864	3.35455	0.0115811	18.029 
71 	24    	3.53437	3.54335	0.0115811	18.029 
72 	24    	3.53063	3.47471	0.0115811	18.034 
73 	24    	3.52246	3.43501	0.0124263	18.051 
74 	24    	3.51534	3.45841	0.0121978	18.051 
75 	24    	3.50347	3.55176	0.0106515	18.034 
76 	24    	3.4948 	3.52675	0.0106515	18.0305
77 	24    	3.47491	3.43994	0.0106515	18.0305
78 	24    	3.45367	3.35127	0.0122072	18.0305
79 	24    	3.43418	3.21944	0.0163865	14.0054
80 	24    	3.42731	3.21173	0.0161403	13.9762
81 	24    	3.41781	3.21036	0.0161403	13.9943
82 	24    	3.40803	3.20546	0.0152524	13.9943
83 	24    	3.39113	3.20878	0.0146344	13.9762
84 	24    	3.37853	3.24452	0.0146344	13.9747
85 	24    	3.36419	3.28695	0.0146344	13.9792
86 	24    	3.35884	3.32209	0.0156112	14.0066
87 	24    	3.34961	3.32882	0.0168626	14.0066
88 	24    	3.32842	3.34373	0.0168626	14.001 
89 	24    	3.30632	3.37457	0.0168626	14.525 
90 	24    	3.27481	3.39778	0.0174089	14.525 
91 	24    	3.2295 	3.38074	0.0174089	14.525 
92 	24    	3.21891	3.3535 	0.0161987	14.0085
93 	24    	3.21365	3.35489	0.0161987	14.0085
94 	24    	3.20625	3.33481	0.0161987	13.9904
95 	24    	3.19836	3.30892	0.0145919	13.9933
96 	24    	3.18723	3.26202	0.0145919	13.9788
97 	24    	3.17617	3.22816	0.0145919	14.4995
98 	24    	3.17101	3.2641 	0.0129099	14.5077
99 	24    	3.15735	3.28543	0.0134543	18.0455
100	24    	3.15181	3.27149	0.0140172	13.9823
101	24    	3.15098	3.29381	0.0140172	14.0229
102	24    	3.15052	3.27004	0.0140172	14.0229
103	24    	3.15039	3.25818	0.0140172	14.0229
104	24    	3.15021	3.25789	0.0140172	14.0229
105	24    	3.14971	3.2643 	0.0140172	17.9515
106	24    	3.14966	3.26471	0.0140172	17.9515
107	24    	3.14862	3.26303	0.0140172	17.9515
108	24    	3.14763	3.26198	0.0140172	17.9515
109	24    	3.14556	3.27831	0.0130018	17.9515
110	24    	3.13841	3.33824	0.0128803	17.9515
111	24    	3.12256	3.43074	0.0128803	23.1901
112	24    	3.10658	3.38528	0.0131085	23.1908
113	24    	3.08013	3.51046	0.0124992	23.1908
114	24    	3.05676	3.54251	0.0124992	23.1908
115	24    	3.02192	3.73587	0.0147002	23.1908
116	24    	2.99308	3.9784 	0.0160453	23.1908
117	24    	2.94913	4.19484	0.0160453	23.1898
118	24    	2.93569	4.18351	0.0160453	23.1877
119	24    	2.9276 	4.17781	0.016185 	23.1877
120	24    	2.92103	4.17726	0.016185 	23.1793
--- 19179.80584216118 seconds ---
ran GA
