slurmstepd: error: task/cgroup: unable to add task[pid=36280] to memory cg '(null)'
preds
RHEB
['CDC37', 'RAF1', 'TSC2']
preds
TSC2
['MCL1', 'TSC1', 'PIK3AP1']
preds
TSC1
['TSC2', 'BCL2', 'PTEN']
preds
PDPK1
['IRS1', 'CRTC2', 'RAC1']
preds
PTEN
['BCL2', 'GSK3B', 'MYB']
preds
IRS1
['PDPK1', 'RAC1', 'CDC37']
preds
GSK3B
['MYB', 'PTEN', 'CCND1']
preds
CDKN1B
['FOXO3', 'CDKN1A', 'GSK3B']
preds
FOXO3
['NR4A1', 'CDKN1B', 'BCL2']
preds
BAD
['PDPK1', 'CRTC2', 'RAC1']
preds
MDM2
['MYB', 'NOS3', 'THEM4']
preds
BCL2L1
['PTK2', 'PDPK1', 'CRTC2']
preds
GRB2
['CDC37', 'PTK2', 'PDPK1']
preds
THEM4
['DDIT4', 'NOS3', 'NR4A1']
preds
CDC37
['GRB2', 'RHEB', 'PTK2']
preds
NOS3
['THEM4', 'NR4A1', 'MDM2']
preds
CRTC2
['RAC1', 'PTK2', 'EIF4EBP1']
preds
CDKN1A
['CDKN1B', 'THEM4', 'MDM2']
preds
CASP9
['PTK2', 'RAC1', 'PDPK1']
preds
RAF1
['RAC1', 'RHEB', 'PTK2']
preds
CD19
['SYK', 'CDC37', 'GRB2']
preds
PTK2
['BCL2L1', 'CRTC2', 'RAC1']
preds
RAC1
['CRTC2', 'IRS1', 'BRCA1']
preds
BRCA1
['RAC1', 'PTK2', 'CDC37']
preds
BCL2
['PTEN', 'THEM4', 'FOXO3']
preds
MCL1
['TSC2', 'PTEN', 'THEM4']
preds
MYB
['GSK3B', 'MDM2', 'PTEN']
preds
PIK3AP1
['TSC2', 'MYB', 'PTEN']
preds
NR4A1
['FOXO3', 'THEM4', 'NOS3']
gen	nevals	avg    	std    	min      	max    
0  	24    	9.10395	5.83493	0.0575397	21.7352
1  	24    	7.95286	5.61891	0.0414402	21.7352
2  	24    	7.23132	5.07889	0.0733895	21.7352
3  	24    	6.80329	4.68761	0.00379032	23.8807
4  	24    	6.47973	4.54377	0.00326029	24.1369
5  	24    	6.30244	4.22383	0.00379032	24.1715
6  	24    	6.05776	4.46533	0.00289531	24.1715
7  	24    	5.75818	4.40927	0.00280055	24.1662
8  	24    	5.59278	3.95231	0.00300749	24.1662
9  	24    	5.36822	3.47572	0.00658184	24.1473
10 	24    	5.35199	3.48435	0.00658184	24.1473
11 	24    	5.32257	3.58767	0.00572916	24.1515
12 	24    	5.2715 	3.39888	0.0125988 	24.1515
13 	24    	5.26268	3.31316	0.0125988 	24.1515
14 	24    	5.21719	3.24379	0.0125988 	24.1515
15 	24    	5.18854	3.20487	0.0125988 	24.1515
16 	24    	5.12502	3.2451 	0.012298  	24.1515
17 	24    	5.06898	3.34416	0.012298  	24.1602
18 	24    	5.03862	3.34359	0.0125583 	24.1526
19 	24    	5.02538	3.58729	0.0124693 	24.1526
20 	24    	4.99144	4.19177	0.0116508 	24.157 
21 	24    	4.99019	4.2418 	0.0116508 	24.1515
22 	24    	4.98474	4.23862	0.0116508 	24.1504
23 	24    	4.97983	4.23561	0.0116508 	24.1504
24 	24    	4.97403	4.23299	0.0116508 	24.1492
25 	24    	4.97125	4.23401	0.0116508 	24.1584
26 	24    	4.95143	4.22781	0.0120747 	24.1584
27 	24    	4.91843	4.20737	0.0116852 	24.1633
28 	24    	4.87343	4.16998	0.0116852 	24.1614
29 	24    	4.8689 	4.16558	0.0116852 	24.1558
30 	24    	4.86611	4.16423	0.0116852 	24.1692
31 	24    	4.85696	4.15598	0.0119558 	24.1692
32 	24    	4.84804	4.14412	0.0116242 	24.1731
33 	24    	4.83178	4.12416	0.0119558 	24.1731
34 	24    	4.82819	4.12425	0.011971  	24.1483
35 	24    	4.82657	4.12161	0.011971  	24.1607
36 	24    	4.82491	4.11659	0.0121171 	24.1607
37 	24    	4.8236 	4.12204	0.0118393 	24.1548
38 	24    	4.82329	4.12158	0.0118299 	24.1514
39 	24    	4.81786	4.1193 	0.0118299 	24.1574
40 	24    	4.80695	4.10874	0.0118299 	24.1574
41 	24    	4.78051	4.09569	0.0120034 	24.1837
42 	24    	4.74349	4.07166	0.0119203 	24.1837
43 	24    	4.69665	4.06301	0.0119203 	24.1837
44 	24    	4.696  	4.06213	0.0120262 	24.1484
45 	24    	4.69561	4.06171	0.0120262 	24.1491
46 	24    	4.69551	4.06156	0.0119951 	24.1491
47 	24    	4.69535	4.0615 	0.0119951 	24.1528
48 	24    	4.69377	4.06058	0.0111609 	24.1528
49 	24    	4.69231	4.05998	0.0111609 	24.1528
50 	24    	4.69229	4.05989	0.0111609 	24.1494
51 	24    	4.68942	4.0585 	0.0111609 	24.1494
52 	24    	4.68942	4.0585 	0.0111609 	24.1494
53 	24    	4.68412	4.05599	0.0119011 	24.1571
54 	24    	4.68013	4.05416	0.0119011 	24.1582
55 	24    	4.66689	4.04764	0.0119011 	24.1582
56 	24    	4.66256	4.04535	0.0121937 	24.16  
57 	24    	4.65743	4.0397 	0.0119794 	24.1772
58 	24    	4.65733	4.03957	0.0119274 	24.1772
59 	24    	4.65727	4.03941	0.0119274 	24.1772
60 	24    	4.65044	4.02926	0.0119274 	24.1449
61 	24    	4.63497	4.00991	0.0119684 	24.153 
62 	24    	4.61959	3.99052	0.0118632 	24.1535
63 	24    	4.57475	3.94731	0.0118632 	24.1665
64 	24    	4.54295	3.94189	0.0118632 	24.1665
65 	24    	4.54098	3.94972	0.0116372 	24.1665
66 	24    	4.52953	3.95514	0.0116372 	24.1665
67 	24    	4.51104	3.97162	0.0116372 	24.1665
68 	24    	4.47367	4.01977	0.0116372 	24.1665
69 	24    	4.40899	3.98797	0.00610325	24.1642
70 	24    	4.40023	3.99387	0.00610325	24.1642
71 	24    	4.39922	3.99349	0.00610325	24.1642
72 	24    	4.39907	3.99318	0.00610325	24.1642
73 	24    	4.39611	3.99894	0.00580422	24.1642
74 	24    	4.39068	4.0116 	0.00480951	24.1642
75 	24    	4.37673	4.04278	0.00480951	24.1629
76 	24    	4.36098	4.08757	0.00480951	24.1629
77 	24    	4.34166	4.12831	0.00468566	24.1591
78 	24    	4.34129	4.12753	0.00547925	24.1459
79 	24    	4.34123	4.1274 	0.00547925	24.1447
80 	24    	4.34121	4.12722	0.00547925	24.1406
81 	24    	4.34115	4.12711	0.00547925	24.1435
82 	24    	4.3397 	4.12661	0.00541378	24.1542
83 	24    	4.33962	4.12658	0.00541378	24.1542
84 	24    	4.33822	4.12605	0.00541378	24.1542
85 	24    	4.33551	4.12559	0.0053704 	24.1729
86 	24    	4.33294	4.12487	0.0053704 	24.1729
87 	24    	4.32752	4.12394	0.00529884	24.1729
88 	24    	4.31541	4.12188	0.00516343	24.1729
89 	24    	4.30674	4.12185	0.00516343	24.1722
90 	24    	4.30597	4.12222	0.00479012	24.1651
91 	24    	4.30401	4.1228 	0.00479012	24.1651
92 	24    	4.30274	4.12641	0.00521394	24.1651
93 	24    	4.29862	4.13099	0.00513882	24.1651
94 	24    	4.28856	4.14046	0.00513882	24.1651
95 	24    	4.28316	4.14075	0.004723  	24.1644
96 	24    	4.2734 	4.13753	0.004723  	24.1644
97 	24    	4.24934	4.15047	0.00438956	24.1707
98 	24    	4.23849	4.15824	0.00419703	24.1827
99 	24    	4.23317	4.15364	0.00506491	24.1773
100	24    	4.22606	4.16851	0.00457434	24.1773
101	24    	4.21102	4.19597	0.00457434	24.1647
102	24    	4.16864	4.25637	0.00484333	24.1722
103	24    	4.11419	4.3531 	0.00484333	24.1722
104	24    	4.08574	4.46708	0.00495673	24.1722
105	24    	4.07703	4.4594 	0.00524273	24.1564
106	24    	4.06188	4.45142	0.00471053	24.1564
107	24    	4.04715	4.44161	0.00471053	24.1679
108	24    	4.01547	4.41983	0.00466097	24.1679
109	24    	3.97455	4.40774	0.00466097	24.1679
110	24    	3.93724	4.41627	0.00447011	24.1679
111	24    	3.92059	4.3938 	0.00444785	24.1651
112	24    	3.91301	4.38926	0.00504896	24.1706
113	24    	3.90531	4.38034	0.00504896	24.1706
114	24    	3.90187	4.38535	0.00504896	24.1706
115	24    	3.89795	4.40461	0.00485204	24.1654
116	24    	3.89168	4.42016	0.00472494	24.1716
117	24    	3.88777	4.41077	0.00472494	24.1716
118	24    	3.88169	4.37742	0.00497532	24.1716
119	24    	3.87295	4.40404	0.00475415	24.3793
120	24    	3.86478	4.41466	0.003361  	24.1645
--- 20458.15326476097 seconds ---
ran GA
