preds
RHEB
['CRTC2', 'CD19', 'TSC2']
preds
TSC2
['FOXO3', 'CDKN1B', 'GSK3B']
preds
TSC1
['MCL1', 'PIK3AP1', 'PTEN']
preds
PDPK1
['IRS1', 'CRTC2', 'RAC1']
preds
PTEN
['BCL2', 'CDKN1B', 'THEM4']
preds
IRS1
['PDPK1', 'CRTC2', 'BCL2L1']
preds
GSK3B
['MDM2', 'NOS3', 'NR4A1']
preds
CDKN1B
['THEM4', 'NR4A1', 'FOXO3']
preds
FOXO3
['CDKN1B', 'BCL2', 'G6PC']
preds
BAD
['PDPK1', 'CRTC2', 'RAC1']
preds
MDM2
['MYB', 'GSK3B', 'NOS3']
preds
BCL2L1
['IRS1', 'RAC1', 'PTK2']
preds
GRB2
['CDC37', 'CASP9', 'PTK2']
preds
THEM4
['CDKN1B', 'NOS3', 'NR4A1']
preds
CDC37
['GRB2', 'IRS1', 'CRTC2']
preds
NOS3
['GSK3B', 'THEM4', 'MDM2']
preds
CRTC2
['IRS1', 'PTK2', 'PDPK1']
preds
CDKN1A
['CDKN1B', 'PTEN', 'MDM2']
preds
CASP9
['GRB2', 'PTK2', 'RAC1']
preds
RAF1
['EIF4E', 'RAC1', 'CRTC2']
preds
CD19
['CDC37', 'IRS1', 'CASP9']
preds
PTK2
['BCL2L1', 'CRTC2', 'RAC1']
preds
RAC1
['BCL2L1', 'IRS1', 'BRCA1']
preds
BRCA1
['RAC1', 'CRTC2', 'PTK2']
preds
BCL2
['PTEN', 'DDIT4', 'THEM4']
preds
MCL1
['TSC1', 'PIK3AP1', 'PTEN']
preds
MYB
['MDM2', 'FOXO3', 'MCL1']
preds
PIK3AP1
['TSC1', 'MCL1', 'GSK3B']
preds
NR4A1
['CDKN1B', 'THEM4', 'GSK3B']
gen	nevals	avg    	std    	min       	max    
0  	24    	8.80467	5.66966	0.00462248	26.3231
1  	24    	7.68708	5.09976	0.00462248	26.3231
2  	24    	7.23028	4.86914	0.00462248	26.3231
3  	24    	6.71094	4.42504	0.00118746	26.3231
4  	24    	6.45711	4.07967	0.00118746	26.3231
5  	24    	6.08392	3.84616	0.00462248	26.3231
6  	24    	5.91384	3.63946	0.0258502 	19.3754
7  	24    	5.77551	3.47723	0.0258502 	20.2443
8  	24    	5.63964	3.26207	0.0225481 	20.2535
9  	24    	5.5353 	3.24091	0.0225481 	20.2535
10 	24    	5.3866 	3.17947	0.0218444 	20.2535
11 	24    	5.20759	3.20956	0.0218444 	20.2561
12 	24    	5.04834	3.17021	0.0215806 	20.2561
13 	24    	4.97776	3.118  	0.0215806 	14.2415
14 	24    	4.92686	3.09947	0.0194319 	14.2396
15 	24    	4.88798	3.07589	0.0189218 	14.2393
16 	24    	4.8383 	3.03734	0.0194319 	14.2393
17 	24    	4.8024 	3.01691	0.0194319 	14.2392
18 	24    	4.74263	3.01511	0.0194319 	14.2149
19 	24    	4.67473	3.01393	0.0194319 	14.1584
20 	24    	4.6164 	3.01363	0.021962  	14.1584
21 	24    	4.55742	3.09651	0.021962  	14.1432
22 	24    	4.54766	3.11203	0.0224067 	13.9364
23 	24    	4.54718	3.11122	0.0216654 	13.9364
24 	24    	4.54657	3.10536	0.0213199 	13.9364
25 	24    	4.54011	3.09434	0.0213199 	13.9364
26 	24    	4.53328	3.08923	0.0213199 	13.9364
27 	24    	4.53127	3.07247	0.0213199 	13.9364
28 	24    	4.52314	3.05058	0.0223819 	13.9364
29 	24    	4.5087 	3.07998	0.0222771 	13.9364
30 	24    	4.47658	3.15439	0.0218738 	13.9364
31 	24    	4.44916	3.14007	0.0210272 	13.9364
32 	24    	4.39998	3.21447	0.0210272 	13.9364
33 	24    	4.3946 	3.20716	0.0210272 	13.9364
34 	24    	4.38745	3.19721	0.0210272 	13.9364
35 	24    	4.38288	3.19086	0.0210272 	13.9364
36 	24    	4.38248	3.19009	0.0210272 	13.9364
37 	24    	4.38207	3.18963	0.0210272 	13.9364
38 	24    	4.38187	3.18947	0.0215828 	13.9364
39 	24    	4.3778 	3.18294	0.0215828 	13.9364
40 	24    	4.37477	3.17159	0.0215828 	13.9364
41 	24    	4.36225	3.14994	0.0215828 	13.9364
42 	24    	4.35615	3.1372 	0.0211478 	13.9364
43 	24    	4.32888	3.08077	0.0220399 	13.9364
44 	24    	4.27651	2.97326	0.0209809 	13.9364
45 	24    	4.24155	2.91892	0.0218557 	13.9364
46 	24    	4.19017	2.80651	0.0218557 	13.1143
47 	24    	4.16018	2.75425	0.0211605 	11.2294
48 	24    	4.13818	2.72675	0.0218557 	11.2294
49 	24    	4.1111 	2.67616	0.0212479 	11.2182
50 	24    	4.08435	2.60857	0.022109  	11.2222
51 	24    	4.04047	2.61132	0.0206534 	11.2326
52 	24    	4.00143	2.57739	0.0198389 	11.2326
53 	24    	3.9718 	2.56671	0.0198389 	11.2326
54 	24    	3.9601 	2.57729	0.0212714 	11.2254
55 	24    	3.95779	2.57432	0.0212317 	11.2192
56 	24    	3.95586	2.57269	0.0191695 	11.2208
57 	24    	3.95291	2.56968	0.0191695 	11.2208
58 	24    	3.94815	2.56175	0.0191695 	11.2208
59 	24    	3.94029	2.54903	0.0218139 	11.2221
60 	24    	3.93297	2.53628	0.0218139 	11.2169
61 	24    	3.92459	2.52441	0.0218139 	11.2237
62 	24    	3.9164 	2.51316	0.0218139 	11.2257
63 	24    	3.90367	2.5031 	0.0211693 	11.2075
64 	24    	3.89275	2.49643	0.0211693 	11.2054
65 	24    	3.88302	2.48764	0.020586  	11.0567
66 	24    	3.87026	2.50152	0.0211693 	10.8879
67 	24    	3.86117	2.49005	0.0218194 	10.8879
68 	24    	3.85489	2.48194	0.0220267 	10.8879
69 	24    	3.84744	2.46655	0.0213497 	10.8867
70 	24    	3.83815	2.43906	0.0219587 	10.8867
71 	24    	3.83682	2.43809	0.0206636 	10.8772
72 	24    	3.8328 	2.4373 	0.0206636 	10.8811
73 	24    	3.82767	2.43475	0.0220251 	10.8786
74 	24    	3.81842	2.43102	0.0220251 	10.8741
75 	24    	3.80534	2.42862	0.0214309 	10.8865
76 	24    	3.79524	2.42976	0.0214309 	10.8865
77 	24    	3.77161	2.41868	0.022034  	10.8833
78 	24    	3.7593 	2.41261	0.0221268 	10.8833
79 	24    	3.75388	2.41738	0.020715  	10.8833
80 	24    	3.75276	2.41718	0.0194164 	10.8833
81 	24    	3.75228	2.41728	0.020715  	10.8833
82 	24    	3.75194	2.41851	0.020715  	10.8833
83 	24    	3.74874	2.41048	0.0221268 	10.8833
84 	24    	3.74343	2.39392	0.0200032 	10.8816
85 	24    	3.74005	2.38468	0.0200032 	10.8816
86 	24    	3.73585	2.37344	0.0200032 	10.8816
87 	24    	3.72398	2.33367	0.0200032 	10.8748
88 	24    	3.70874	2.2603 	0.0200032 	10.8748
89 	24    	3.69027	2.19716	0.0200032 	10.8753
90 	24    	3.6813 	2.19794	0.0200032 	10.8753
91 	24    	3.66692	2.20479	0.0204    	10.8753
92 	24    	3.62941	2.22324	0.0204    	10.8753
93 	24    	3.59902	2.23745	0.020167  	10.8753
94 	24    	3.57649	2.25572	0.0221638 	10.8753
95 	24    	3.54658	2.27697	0.0226759 	9.39642
96 	24    	3.53162	2.27848	0.0226759 	9.39642
97 	24    	3.5146 	2.28052	0.0226759 	9.39642
98 	24    	3.49596	2.26173	0.0221258 	9.39642
99 	24    	3.49364	2.24197	0.0221258 	9.39642
100	24    	3.48403	2.19731	0.0221258 	9.38767
101	24    	3.47554	2.14608	0.0213477 	9.38428
102	24    	3.46277	2.13593	0.0207137 	9.35445
103	24    	3.43744	2.1114 	0.0207137 	9.37123
104	24    	3.40662	2.08188	0.0207137 	9.37123
105	24    	3.38449	2.05876	0.0216424 	9.37072
106	24    	3.38294	2.05803	0.0216424 	9.36734
107	24    	3.37309	2.0574 	0.0216424 	9.36734
108	24    	3.36364	2.05734	0.0216424 	9.36968
109	24    	3.35197	2.05614	0.0216424 	9.3804 
110	24    	3.32471	2.05486	0.0217445 	9.3999 
111	24    	3.30128	2.05504	0.0218486 	9.3999 
112	24    	3.28803	2.05723	0.0218486 	9.3999 
113	24    	3.28097	2.05791	0.0224706 	9.3804 
114	24    	3.27897	2.05947	0.0224706 	9.3744 
115	24    	3.27168	2.0602 	0.0224706 	9.35006
116	24    	3.26292	2.05974	0.0215625 	9.38212
117	24    	3.24186	2.06581	0.0215625 	9.38212
118	24    	3.20482	2.09835	0.0102842 	9.69767
119	24    	3.17317	2.09266	0.0215244 	9.38212
120	24    	3.14602	2.09694	0.0215244 	9.39636
--- 15626.202511787415 seconds ---
ran GA
