preds
RHEB
['EIF4EBP1', 'IRS1', 'TSC2']
preds
TSC2
['PIK3AP1', 'BCL2', 'PTEN']
preds
TSC1
['MCL1', 'PIK3AP1', 'PTEN']
preds
PDPK1
['IRS1', 'CRTC2', 'RAC1']
preds
PTEN
['MDM2', 'BCL2', 'MYB']
preds
IRS1
['PDPK1', 'CRTC2', 'BCL2L1']
preds
GSK3B
['NOS3', 'PIK3AP1', 'TSC1']
preds
CDKN1B
['THEM4', 'FOXO3', 'PTEN']
preds
FOXO3
['THEM4', 'NOS3', 'CDKN1B']
preds
BAD
['PDPK1', 'CRTC2', 'GRB2']
preds
MDM2
['PTEN', 'NOS3', 'CDKN1B']
preds
BCL2L1
['IRS1', 'RAC1', 'CDC37']
preds
GRB2
['BCL2L1', 'PTK2', 'CRTC2']
preds
THEM4
['CDKN1B', 'FOXO3', 'NOS3']
preds
CDC37
['CASP9', 'BCL2L1', 'RAC1']
preds
NOS3
['GSK3B', 'THEM4', 'FOXO3']
preds
CRTC2
['IRS1', 'RAC1', 'PDPK1']
preds
CDKN1A
['BCL2', 'THEM4', 'NOS3']
preds
CASP9
['CDC37', 'PTK2', 'RAC1']
preds
RAF1
['PTK2', 'GRB2', 'CDC37']
preds
CD19
['CDC37', 'GRB2', 'PDPK1']
preds
PTK2
['RAC1', 'PDPK1', 'CASP9']
preds
RAC1
['BCL2L1', 'CRTC2', 'IRS1']
preds
BRCA1
['RAC1', 'PTK2', 'IRS1']
preds
BCL2
['PTEN', 'CCND1', 'THEM4']
preds
MCL1
['TSC1', 'THEM4', 'FOXO3']
preds
MYB
['PTEN', 'BCL2', 'NR4A1']
preds
PIK3AP1
['TP53', 'TSC1', 'TSC2']
preds
NR4A1
['MYB', 'BCL2', 'PTEN']
gen	nevals	avg    	std    	min      	max    
0  	24    	8.58724	5.06613	0.0398988	21.7352
1  	24    	7.90931	4.92891	0.0398988	21.7352
2  	24    	7.17039	4.71128	0.0401289	21.7352
3  	24    	6.60081	4.18618	0.197065 	21.7352
4  	24    	5.95206	3.35638	0.197065 	21.7352
5  	24    	5.76144	3.25038	0.049744 	21.6117
6  	24    	5.57843	3.30802	0.049744 	21.7352
7  	24    	5.43765	3.21975	0.049744 	18.1595
8  	24    	5.35514	3.21595	0.444873 	18.1595
9  	24    	5.3057 	3.22206	0.565929 	18.1375
10 	24    	5.244  	3.21391	0.566179 	18.1375
11 	24    	5.2135 	3.13072	0.566965 	18.1375
12 	24    	5.12397	3.02867	0.565618 	18.1158
13 	24    	5.03159	2.94711	0.565618 	18.1175
14 	24    	4.90825	2.86363	0.36492  	18.1175
15 	24    	4.83897	3.01131	0.36492  	18.1175
16 	24    	4.80352	3.04277	0.36492  	18.1175
17 	24    	4.73996	2.90914	0.56932  	18.118 
18 	24    	4.68553	2.89266	0.56932  	18.1173
19 	24    	4.59856	2.61612	0.56932  	18.1165
20 	24    	4.50277	2.30199	0.565247 	9.67829
21 	24    	4.41524	2.23811	0.562323 	9.68133
22 	24    	4.35466	2.1932 	0.562323 	9.68133
23 	24    	4.34375	2.18045	0.56365  	9.68565
24 	24    	4.33698	2.17481	0.56365  	9.68312
25 	24    	4.33186	2.16964	0.56365  	9.68045
26 	24    	4.32296	2.15893	0.564191 	9.68045
27 	24    	4.30422	2.1347 	0.564191 	9.68045
28 	24    	4.26064	2.07679	0.564191 	9.67998
29 	24    	4.23458	2.0445 	0.564169 	9.68062
30 	24    	4.23173	2.04391	0.564169 	9.68384
31 	24    	4.23101	2.04427	0.561631 	9.68384
32 	24    	4.22696	2.03462	0.564169 	9.68384
33 	24    	4.22647	2.03442	0.565269 	9.68384
34 	24    	4.21864	2.02612	0.565039 	9.68384
35 	24    	4.20297	1.99099	0.565039 	9.67795
36 	24    	4.17042	1.92934	0.565039 	9.67747
37 	24    	4.11803	1.82582	0.565058 	7.47641
38 	24    	4.08958	1.83361	0.565391 	7.48216
39 	24    	4.08476	1.83307	0.564979 	7.47211
40 	24    	4.07663	1.82847	0.564979 	8.0521 
41 	24    	4.06352	1.82036	0.564979 	8.06806
42 	24    	4.05757	1.8158 	0.564979 	8.06806
43 	24    	4.03669	1.80099	0.56503  	8.0745 
44 	24    	4.0076 	1.78171	0.56503  	8.0745 
45 	24    	3.95435	1.74849	0.56503  	8.0745 
46 	24    	3.9466 	1.7432 	0.564402 	8.08097
47 	24    	3.93384	1.7318 	0.565462 	8.06747
48 	24    	3.92742	1.72778	0.564136 	8.0715 
49 	24    	3.92293	1.72568	0.564136 	8.07175
50 	24    	3.91707	1.72243	0.564136 	8.07175
51 	24    	3.90887	1.72078	0.423423 	8.07893
52 	24    	3.89726	1.70997	0.564924 	8.07893
53 	24    	3.89559	1.71091	0.56556  	8.07875
54 	24    	3.89385	1.71278	0.564139 	8.08676
55 	24    	3.89212	1.71422	0.563558 	8.08676
56 	24    	3.89013	1.71545	0.564139 	8.08676
57 	24    	3.8882 	1.71724	0.564139 	8.08676
58 	24    	3.88508	1.72015	0.564262 	8.0755 
59 	24    	3.88186	1.72312	0.564687 	8.07677
60 	24    	3.87968	1.7237 	0.564877 	8.07218
61 	24    	3.8784 	1.72418	0.56369  	8.07218
62 	24    	3.87559	1.72473	0.565043 	8.0702 
63 	24    	3.87317	1.72474	0.565043 	8.07201
64 	24    	3.86927	1.72664	0.707787 	8.07347
65 	24    	3.86809	1.73127	0.209639 	8.07386
66 	24    	3.86731	1.73057	0.209639 	8.06874
67 	24    	3.86612	1.73374	0.209639 	8.06884
68 	24    	3.86526	1.73633	0.206883 	8.06884
69 	24    	3.8649 	1.73969	0.206883 	8.06884
70 	24    	3.86396	1.75648	0.206716 	8.07264
71 	24    	3.86254	1.76739	0.206716 	8.41945
72 	24    	3.85796	1.78351	0.206716 	8.41945
73 	24    	3.85464	1.78202	0.206883 	8.41945
74 	24    	3.84899	1.78021	0.203692 	8.41945
75 	24    	3.8416 	1.77596	0.205783 	8.42712
76 	24    	3.83949	1.76223	0.205783 	8.42201
77 	24    	3.8378 	1.76677	0.205783 	8.42201
78 	24    	3.8256 	1.8011 	0.205783 	8.42201
79 	24    	3.81582	1.81175	0.206099 	8.42201
80 	24    	3.80129	1.81663	0.207781 	8.42201
81 	24    	3.79104	1.81925	0.207781 	8.41601
82 	24    	3.78759	1.8149 	0.209166 	8.4121 
83 	24    	3.7743 	1.81474	0.208802 	8.41466
84 	24    	3.75882	1.82748	0.208802 	8.41999
85 	24    	3.75028	1.81602	0.211638 	8.42556
86 	24    	3.74767	1.82326	0.211638 	8.42556
87 	24    	3.74528	1.80583	0.211484 	8.42556
88 	24    	3.74419	1.79674	0.211484 	8.42388
89 	24    	3.74006	1.81048	0.211484 	8.41999
90 	24    	3.7355 	1.83593	0.209525 	8.42497
91 	24    	3.72665	1.89198	0.207751 	8.42837
92 	24    	3.72166	1.94518	0.207751 	8.42837
93 	24    	3.7198 	1.93932	0.207751 	8.42837
94 	24    	3.71524	1.91609	0.191981 	8.41999
95 	24    	3.70886	1.89684	0.191981 	8.45423
96 	24    	3.69905	1.8965 	0.191981 	8.45423
97 	24    	3.68928	1.90301	0.206474 	8.41867
98 	24    	3.68513	1.94034	0.20634  	8.42414
99 	24    	3.67723	1.92995	0.206474 	8.42414
100	24    	3.66177	1.92595	0.207801 	8.42855
101	24    	3.65695	1.92395	0.20804  	8.42887
102	24    	3.63977	1.90906	0.207914 	8.42887
103	24    	3.63127	1.90016	0.207    	8.42887
104	24    	3.62635	1.89735	0.207914 	8.42887
105	24    	3.62179	1.89691	0.208333 	8.42887
106	24    	3.61721	1.89562	0.207171 	8.41884
107	24    	3.61472	1.89437	0.207998 	8.41884
108	24    	3.60632	1.89125	0.204108 	8.20868
109	24    	3.6047 	1.89205	0.204108 	8.20868
110	24    	3.60409	1.89194	0.204108 	8.20868
111	24    	3.60294	1.88462	0.204108 	8.20868
112	24    	3.60117	1.87942	0.206071 	8.18623
113	24    	3.59959	1.87293	0.206071 	8.20353
114	24    	3.59684	1.86483	0.206071 	8.20353
115	24    	3.5938 	1.84118	0.206784 	10.3141
116	24    	3.59247	1.8226 	0.206784 	10.3141
117	24    	3.58716	1.78978	0.206784 	10.3141
118	24    	3.58315	1.77472	0.206784 	10.3141
119	24    	3.58034	1.80117	0.207691 	10.3141
120	24    	3.57775	1.81413	0.207359 	8.06681
--- 14263.076230049133 seconds ---
ran GA
