slurmstepd: error: task/cgroup: unable to add task[pid=36248] to memory cg '(null)'
preds
RHEB
['PDPK1', 'PTK2', 'PIK3AP1']
preds
TSC2
['TSC1', 'THEM4', 'PTEN']
preds
TSC1
['MCL1', 'TSC2', 'BCL2']
preds
PDPK1
['IRS1', 'STK11', 'CRTC2']
preds
PTEN
['MDM2', 'GSK3B', 'MYB']
preds
IRS1
['PDPK1', 'PTK2', 'BCL2L1']
preds
GSK3B
['PTEN', 'NOS3', 'CDKN1A']
preds
CDKN1B
['NOS3', 'PTEN', 'MCL1']
preds
FOXO3
['THEM4', 'NR4A1', 'BCL2']
preds
BAD
['PDPK1', 'CRTC2', 'RAC1']
preds
MDM2
['PTEN', 'BCL2', 'FOXO3']
preds
BCL2L1
['IRS1', 'RAC1', 'CASP9']
preds
GRB2
['CDC37', 'PDPK1', 'IRS1']
preds
THEM4
['FOXO3', 'NOS3', 'NR4A1']
preds
CDC37
['CASP9', 'GRB2', 'IRS1']
preds
NOS3
['GSK3B', 'THEM4', 'BCL2']
preds
CRTC2
['RAC1', 'EIF4E', 'PTK2']
preds
CDKN1A
['BCL2', 'THEM4', 'PTEN']
preds
CASP9
['CDC37', 'BCL2L1', 'PTK2']
preds
RAF1
['PTK2', 'CRTC2', 'CDC37']
preds
CD19
['SYK', 'CDC37', 'GRB2']
preds
PTK2
['IRS1', 'CRTC2', 'RAC1']
preds
RAC1
['BCL2L1', 'CRTC2', 'BRCA1']
preds
BRCA1
['RAC1', 'GRB2', 'IRS1']
preds
BCL2
['MDM2', 'NOS3', 'FOXO3']
preds
MCL1
['TSC1', 'BCL2', 'THEM4']
preds
MYB
['PTEN', 'FOXO3', 'PIK3AP1']
preds
PIK3AP1
['MYB', 'MDM2', 'GSK3B']
preds
NR4A1
['FOXO3', 'THEM4', 'BCL2']
gen	nevals	avg    	std    	min      	max    
0  	24    	9.56507	5.96481	0.0183441	25.1492
1  	24    	8.92955	5.93672	0.0183441	25.1492
2  	24    	8.33274	5.72428	0.0183441	25.1492
3  	24    	7.78032	5.60945	0.00834378	26.7344
4  	24    	7.55365	5.392  	0.00842323	26.7364
5  	24    	7.09938	5.09176	0.0146207 	26.613 
6  	24    	6.67086	4.43534	0.0146207 	19.9039
7  	24    	6.49233	4.21704	0.0146207 	19.9039
8  	24    	6.35669	4.21903	0.0185413 	21.7014
9  	24    	6.14253	4.09175	0.129884  	21.7014
10 	24    	6.02682	4.07114	0.173555  	21.7014
11 	24    	5.89814	4.00816	0.173555  	21.7014
12 	24    	5.83903	3.92219	0.216613  	19.5914
13 	24    	5.72258	4.11808	0.2016    	19.5936
14 	24    	5.57744	3.90479	0.19738   	19.5405
15 	24    	5.37799	3.4935 	0.197345  	18.1099
16 	24    	5.31136	3.65752	0.302897  	18.1098
17 	24    	5.28588	3.56443	0.204315  	18.1098
18 	24    	5.26538	3.56465	0.211052  	18.1097
19 	24    	5.25654	3.55587	0.172398  	18.1097
20 	24    	5.24461	3.53634	0.172398  	18.1097
21 	24    	5.21873	3.48634	0.172042  	18.1097
22 	24    	5.18801	3.41468	0.172042  	18.1095
23 	24    	5.13149	3.26644	0.172042  	18.1096
24 	24    	5.064  	3.06511	0.172312  	18.1098
25 	24    	5.03394	2.98403	0.309986  	18.1098
26 	24    	5.02979	2.98529	0.309986  	18.1098
27 	24    	5.02041	2.98093	0.309986  	18.1098
28 	24    	5.00481	2.97557	0.313598  	18.1096
29 	24    	4.97854	2.95963	0.316315  	18.1093
30 	24    	4.95977	2.91557	0.313354  	18.1108
31 	24    	4.94536	2.86733	0.265372  	18.105 
32 	24    	4.93344	2.87707	0.265372  	18.084 
33 	24    	4.92759	2.90454	0.265372  	18.0831
34 	24    	4.91231	2.90937	0.265372  	18.0831
35 	24    	4.87148	2.83747	0.265264  	18.0832
36 	24    	4.83656	2.77682	0.265264  	18.0831
37 	24    	4.80636	2.73435	0.265264  	18.087 
38 	24    	4.75283	2.62914	0.265264  	18.0831
39 	24    	4.67596	2.40917	0.264372  	18.082 
40 	24    	4.54911	1.9959 	0.261817  	18.0803
41 	24    	4.50544	1.8668 	0.262415  	9.41071
42 	24    	4.49771	1.85232	0.352076  	9.41071
43 	24    	4.493  	1.84878	0.353274  	9.41303
44 	24    	4.47151	1.82811	0.353094  	9.41303
45 	24    	4.44156	1.79849	0.353094  	9.41071
46 	24    	4.40727	1.76331	0.318817  	7.01759
47 	24    	4.40682	1.7628 	0.323614  	7.01759
48 	24    	4.40643	1.76342	0.319453  	7.04303
49 	24    	4.40343	1.76464	0.35546   	7.04303
50 	24    	4.40319	1.76467	0.356011  	7.04303
51 	24    	4.39881	1.76719	0.355379  	7.01801
52 	24    	4.39202	1.77162	0.354978  	7.01801
53 	24    	4.38156	1.77579	0.312048  	7.01963
54 	24    	4.37234	1.78366	0.310299  	7.02405
55 	24    	4.36804	1.78626	0.308771  	7.02418
56 	24    	4.36403	1.79056	0.308751  	7.02418
57 	24    	4.35798	1.79458	0.308751  	7.02418
58 	24    	4.34685	1.80266	0.308751  	7.02418
59 	24    	4.34459	1.80493	0.308751  	7.02257
60 	24    	4.34412	1.80465	0.308751  	7.02257
61 	24    	4.34284	1.80388	0.311828  	7.00956
62 	24    	4.34153	1.8027 	0.311629  	7.00956
63 	24    	4.34033	1.80321	0.311336  	7.01104
64 	24    	4.33637	1.81162	0.311289  	9.22114
65 	24    	4.32924	1.80981	0.311289  	9.22114
66 	24    	4.32187	1.8167 	0.31131   	9.22114
67 	24    	4.31047	1.81469	0.312337  	9.22114
68 	24    	4.28884	1.79573	0.309287  	7.01897
69 	24    	4.2726 	1.78149	0.30928   	7.01897
70 	24    	4.26756	1.77624	0.309726  	7.0182 
71 	24    	4.26241	1.78083	0.310544  	7.0182 
72 	24    	4.25413	1.78915	0.309448  	7.01171
73 	24    	4.24141	1.81096	0.309448  	7.00701
74 	24    	4.23547	1.83387	0.309448  	7.02679
75 	24    	4.22412	1.842  	0.307393  	7.02679
76 	24    	4.21517	1.80525	0.302393  	7.01361
77 	24    	4.20254	1.7998 	0.307833  	7.01361
78 	24    	4.19475	1.82509	0.302527  	7.027  
79 	24    	4.18184	1.8678 	0.302527  	7.027  
80 	24    	4.17453	1.88603	0.302527  	7.027  
81 	24    	4.17212	1.88602	0.301104  	7.027  
82 	24    	4.16952	1.88595	0.301104  	7.01196
83 	24    	4.16638	1.8855 	0.301104  	7.01196
84 	24    	4.16531	1.88591	0.299535  	7.01196
85 	24    	4.16503	1.88602	0.299535  	7.0107 
86 	24    	4.16456	1.88621	0.299535  	7.01602
87 	24    	4.16336	1.88494	0.299535  	7.01602
88 	24    	4.16313	1.8853 	0.300628  	7.02183
89 	24    	4.15872	1.88367	0.299963  	7.01943
90 	24    	4.15636	1.88258	0.299293  	7.02699
91 	24    	4.15344	1.88221	0.299293  	7.02699
92 	24    	4.14628	1.87808	0.299293  	7.02699
93 	24    	4.13143	1.87648	0.300225  	7.01428
94 	24    	4.12269	1.88621	0.300291  	7.02106
95 	24    	4.10664	1.86668	0.301333  	7.02076
96 	24    	4.10146	1.8629 	0.301015  	7.02722
97 	24    	4.09411	1.87154	0.301015  	7.02722
98 	24    	4.0895 	1.87476	0.242199  	7.02722
99 	24    	4.07863	1.88459	0.242199  	7.01188
100	24    	4.07522	1.88328	0.242199  	7.01907
101	24    	4.07092	1.87694	0.242199  	7.02071
102	24    	4.06703	1.87031	0.242199  	7.02071
103	24    	4.06151	1.85979	0.241243  	7.02071
104	24    	4.05723	1.85523	0.238468  	7.01675
105	24    	4.05489	1.85663	0.238468  	7.00561
106	24    	4.04959	1.8571 	0.238468  	7.00705
107	24    	4.04685	1.85779	0.238468  	7.00705
108	24    	4.04264	1.85006	0.238468  	7.00705
109	24    	4.03699	1.83973	0.239622  	7.01572
110	24    	4.03342	1.83327	0.239661  	7.01437
111	24    	4.03285	1.83356	0.2384    	7.01437
112	24    	4.03189	1.8333 	0.238803  	7.02512
113	24    	4.03183	1.8333 	0.238803  	7.02512
114	24    	4.03173	1.83322	0.238306  	7.02512
115	24    	4.03163	1.83327	0.238306  	7.02512
116	24    	4.03098	1.83266	0.238306  	7.02512
117	24    	4.03098	1.83266	0.238306  	7.02512
118	24    	4.03033	1.83229	0.225444  	7.14907
119	24    	4.02931	1.83098	0.225444  	7.14907
120	24    	4.02767	1.82865	0.225444  	7.14907
--- 19908.355822324753 seconds ---
ran GA
