preds
RHEB
['RAC1', 'PDPK1', 'PTK2']
preds
TSC2
['MCL1', 'TSC1', 'PIK3AP1']
preds
TSC1
['PIK3AP1', 'TSC2', 'PTEN']
preds
PDPK1
['IRS1', 'STK11', 'CRTC2']
preds
PTEN
['GSK3B', 'NOS3', 'CDKN1A']
preds
IRS1
['PDPK1', 'PTK2', 'CRTC2']
preds
GSK3B
['PTEN', 'BCL2', 'NR4A1']
preds
CDKN1B
['THEM4', 'FOXO3', 'MCL1']
preds
FOXO3
['THEM4', 'NOS3', 'CDKN1B']
preds
BAD
['PDPK1', 'BCL2L1', 'BRCA1']
preds
MDM2
['MYB', 'BCL2', 'BCL2L11']
preds
BCL2L1
['RAC1', 'PTK2', 'CASP9']
preds
GRB2
['CDC37', 'BCL2L1', 'PTK2']
preds
THEM4
['CDKN1B', 'FOXO3', 'NOS3']
preds
CDC37
['GRB2', 'IRS1', 'PDPK1']
preds
NOS3
['THEM4', 'FOXO3', 'NR4A1']
preds
CRTC2
['IRS1', 'RAC1', 'PTK2']
preds
CDKN1A
['THEM4', 'PTEN', 'FOXO3']
preds
CASP9
['BCL2L1', 'IRS1', 'PDPK1']
preds
RAF1
['RBL2', 'CRTC2', 'CDC37']
preds
CD19
['GRB2', 'BCL2L1', 'CASP9']
preds
PTK2
['IRS1', 'STK11', 'BCL2L1']
preds
RAC1
['RHEB', 'BCL2L1', 'CRTC2']
preds
BRCA1
['RAC1', 'PTK2', 'GRB2']
preds
BCL2
['MDM2', 'G6PC', 'GSK3B']
preds
MCL1
['TSC2', 'THEM4', 'CDKN1B']
preds
MYB
['MDM2', 'CD19', 'RAF1']
preds
PIK3AP1
['TSC1', 'TSC2', 'MDM2']
preds
NR4A1
['NOS3', 'GSK3B', 'PTEN']
gen	nevals	avg    	std    	min       	max    
0  	24    	8.43624	5.64085	0.00249143	21.7352
1  	24    	7.75375	5.40218	0.00249143	21.7352
2  	24    	7.21795	5.1385 	0.00223662	24.3793
3  	24    	6.79781	4.84373	0.00249143	21.7352
4  	24    	6.53439	4.6651 	0.00137462	21.7352
5  	24    	6.3292 	4.33651	0.00142495	21.7352
6  	24    	6.10376	4.06848	0.00249143	21.7352
7  	24    	5.94322	3.80413	0.00153619	21.7352
8  	24    	5.75865	3.70635	0.00144756	21.7352
9  	24    	5.63933	3.3181 	0.00160416	21.7352
10 	24    	5.57898	3.08321	0.0483177 	21.7352
11 	24    	5.50091	3.07571	0.0483177 	21.7352
12 	24    	5.39308	3.0448 	0.0509766 	19.4221
13 	24    	5.35142	3.05581	0.0509766 	19.4771
14 	24    	5.28936	2.95047	0.0518611 	19.4771
15 	24    	5.22666	2.9209 	0.0518611 	21.7352
16 	24    	5.12614	2.85746	0.0518611 	21.7352
17 	24    	5.04087	2.83442	0.0528099 	21.7352
18 	24    	4.97752	2.67384	0.0518681 	21.7352
19 	24    	4.91276	2.50212	0.0521197 	21.7352
20 	24    	4.82797	2.49325	0.0517856 	21.7352
21 	24    	4.78459	2.35589	0.0517856 	13.554 
22 	24    	4.74624	2.41575	0.0496368 	13.554 
23 	24    	4.68968	2.35035	0.0517856 	13.554 
24 	24    	4.64122	2.29732	0.0512412 	13.5202
25 	24    	4.60879	2.22064	0.0512412 	13.5229
26 	24    	4.59273	2.15411	0.0529036 	13.5251
27 	24    	4.58534	2.20295	0.0529036 	13.5251
28 	24    	4.58217	2.22568	0.0491292 	13.5251
29 	24    	4.56365	2.34039	0.0491292 	13.5494
30 	24    	4.54227	2.45331	0.0491292 	13.5494
31 	24    	4.52759	2.49279	0.0489593 	13.5642
32 	24    	4.51336	2.4744 	0.0514507 	13.5642
33 	24    	4.49249	2.41867	0.0507517 	13.5642
34 	24    	4.46538	2.39581	0.0507517 	13.5642
35 	24    	4.41056	2.40003	0.000445805	13.5346
36 	24    	4.35519	2.43648	0.000445805	13.5346
37 	24    	4.34658	2.45325	0.000445805	13.5346
38 	24    	4.29462	2.54296	0.000445805	13.5287
39 	24    	4.2383 	2.57141	0.000445805	13.5287
40 	24    	4.13782	2.62184	0.000445805	13.5287
41 	24    	4.08955	2.67879	0.000437188	13.5287
42 	24    	4.06798	2.6621 	0.000426808	13.5152
43 	24    	4.03899	2.6012 	0.00040203 	13.5075
44 	24    	4.00569	2.49273	0.000434504	13.5185
45 	24    	3.94657	2.40676	0.000430715	13.4932
46 	24    	3.91474	2.33516	0.000409301	9.7134 
47 	24    	3.89493	2.32317	0.000409301	9.7134 
48 	24    	3.86207	2.31596	0.000409301	9.7134 
49 	24    	3.83786	2.2971 	0.000386742	9.7134 
50 	24    	3.82809	2.29262	0.000436123	9.7287 
51 	24    	3.82567	2.22656	0.000436123	9.7287 
52 	24    	3.81915	2.18341	0.000372356	8.04576
53 	24    	3.81858	2.18412	0.000372356	8.02332
54 	24    	3.81813	2.18367	0.000372356	8.02332
55 	24    	3.81565	2.18287	0.000353256	8.02332
56 	24    	3.80917	2.18642	0.000353256	10.5698
57 	24    	3.80037	2.18817	0.000347413	10.5698
58 	24    	3.78555	2.20099	0.000248645	10.5698
59 	24    	3.76822	2.19689	0.000248645	10.5283
60 	24    	3.76548	2.26475	0.000464631	10.5283
61 	24    	3.76428	2.29465	0.000449777	10.5347
62 	24    	3.76381	2.28409	0.000449777	10.5283
63 	24    	3.76269	2.2706 	0.000459428	10.5283
64 	24    	3.76144	2.25211	0.00048072 	10.5283
65 	24    	3.76039	2.23905	0.000455916	10.5283
66 	24    	3.75939	2.23613	0.000455916	10.5277
67 	24    	3.75741	2.22489	0.000455916	10.5134
68 	24    	3.75645	2.22214	0.000341231	10.5134
69 	24    	3.75075	2.19343	0.0004105  	10.506 
70 	24    	3.74242	2.16277	0.0004105  	8.2612 
71 	24    	3.74038	2.16255	0.0004105  	8.007  
72 	24    	3.73971	2.16301	0.0004105  	8.007  
73 	24    	3.73659	2.1611 	0.000413985	8.01196
74 	24    	3.73556	2.15946	0.000495789	8.00451
75 	24    	3.73408	2.16302	0.000398755	8.03957
76 	24    	3.72985	2.15785	0.000415963	8.03957
77 	24    	3.72306	2.14552	0.000453485	8.02092
78 	24    	3.71285	2.12695	0.00045237 	8.03054
79 	24    	3.69714	2.11196	0.000404685	8.03054
80 	24    	3.66394	2.07451	0.000404685	7.21575
81 	24    	3.65563	2.06163	0.000404685	7.21385
82 	24    	3.64739	2.04818	0.000469744	7.21035
83 	24    	3.6446 	2.0449 	0.000419675	7.21035
84 	24    	3.63767	2.03277	0.000419675	7.21035
85 	24    	3.62799	2.0349 	0.000419675	7.47941
86 	24    	3.61512	2.03469	0.000447701	7.48034
87 	24    	3.59762	2.03374	0.000447701	7.48034
88 	24    	3.58958	2.00759	0.000454245	7.21644
89 	24    	3.57619	1.99429	0.000487599	6.60638
90 	24    	3.56788	2.0037 	0.000521194	7.11882
91 	24    	3.5467 	2.01211	0.000428954	7.11882
92 	24    	3.50814	2.02788	0.000428954	7.11882
93 	24    	3.49763	2.0411 	0.00038873 	7.11911
94 	24    	3.48508	2.03961	0.00038873 	6.61297
95 	24    	3.47218	2.04839	0.00038873 	6.61297
96 	24    	3.45178	2.05605	0.000378458	6.61182
97 	24    	3.42558	2.08646	0.000378458	6.50712
98 	24    	3.39321	2.10485	0.000378458	9.56038
99 	24    	3.33011	2.11038	0.000367676	8.54673
100	24    	3.30631	2.11294	0.000510348	6.50699
101	24    	3.29549	2.10597	0.000488492	6.50699
102	24    	3.29053	2.10234	0.000375126	6.50699
103	24    	3.2724 	2.08809	0.000375126	6.50691
104	24    	3.25327	2.07201	0.000375126	7.24441
105	24    	3.24183	2.04649	0.000352843	7.24441
106	24    	3.22052	2.03006	0.000352843	7.18344
107	24    	3.20074	2.03267	0.000444115	7.2497 
108	24    	3.18167	2.03517	0.000359105	7.26493
109	24    	3.17169	2.02943	0.000359105	6.50895
110	24    	3.16879	2.02918	0.000358828	6.50737
111	24    	3.16717	2.02788	0.000363386	6.50767
112	24    	3.16387	2.02655	0.000363386	6.50599
113	24    	3.15949	2.02208	0.000272387	6.50911
114	24    	3.15859	2.01852	0.000272387	6.50669
115	24    	3.15829	2.01823	0.000272387	6.50696
116	24    	3.1579 	2.01831	0.000272387	6.50696
117	24    	3.1575 	2.01826	0.000395582	6.50696
118	24    	3.15661	2.01854	0.000395582	6.50696
119	24    	3.15528	2.01517	0.000395582	6.50666
120	24    	3.15321	2.01601	0.000395582	6.50666
--- 17942.504984855652 seconds ---
ran GA
