preds
ARNT
['EP300', 'IFNG', 'TF']
preds
EP300
['ARNT', 'TF', 'GAPDH']
preds
HIF1A
['VHL', 'BCL2', 'TLR4']
gen	nevals	avg    	std    	min     	max    
0  	24    	6.94128	4.42769	0.219705	20.7127
1  	24    	6.04469	3.59011	0.203985	20.7127
2  	24    	5.80465	3.51749	0.126269	20.7127
3  	24    	5.5127 	3.24845	0.136552	20.7127
4  	24    	5.18231	2.67791	0.198021	20.7127
5  	24    	4.96022	2.23715	0.286981	16.152 
6  	24    	4.82772	1.9933 	0.286981	15.1596
7  	24    	4.69337	1.77152	0.395041	10.2415
8  	24    	4.62733	1.66275	0.395041	9.30195
9  	24    	4.57057	1.74817	0.395041	9.30195
10 	24    	4.48632	1.64757	0.395041	9.30195
11 	24    	4.3861 	1.60705	0.395041	9.30195
12 	24    	4.35694	1.55843	0.662225	6.7158 
13 	24    	4.35296	1.55616	0.662225	6.7109 
14 	24    	4.34317	1.55051	0.662225	6.70522
15 	24    	4.33385	1.54369	0.662225	6.6986 
16 	24    	4.32986	1.54023	0.662225	6.68376
17 	24    	4.31528	1.53711	0.662225	6.68036
18 	24    	4.28021	1.52985	0.662225	6.69115
19 	24    	4.231  	1.51311	0.662225	6.68821
20 	24    	4.22503	1.5212 	0.0822599	6.68821
21 	24    	4.21893	1.5293 	0.0822599	6.6878 
22 	24    	4.19928	1.56116	0.0822599	6.75563
23 	24    	4.15878	1.61873	0.0822599	6.75563
24 	24    	4.1077 	1.6867 	0.0822599	6.68379
25 	24    	4.10544	1.68773	0.0769457	6.69462
26 	24    	4.10464	1.68826	0.0769457	6.69462
27 	24    	4.10422	1.68811	0.0769457	6.69462
28 	24    	4.10402	1.68817	0.0769457	6.69462
29 	24    	4.10361	1.68822	0.0769457	6.69462
30 	24    	4.10336	1.68862	0.0769457	6.69462
31 	24    	4.10317	1.68902	0.0769457	6.69462
32 	24    	4.10307	1.68902	0.0769457	6.69462
33 	24    	4.10262	1.68928	0.0809566	6.69462
34 	24    	4.1023 	1.68984	0.0809566	6.69462
35 	24    	4.10175	1.69064	0.0808418	6.69462
36 	24    	4.10163	1.69043	0.0808418	6.69462
37 	24    	4.10135	1.69024	0.080423 	6.6946 
38 	24    	4.10117	1.68989	0.080423 	6.6946 
39 	24    	4.10108	1.68959	0.080423 	6.6946 
40 	24    	4.10094	1.6899 	0.080423 	6.6946 
41 	24    	4.10094	1.6899 	0.080423 	6.6946 
42 	24    	4.10094	1.6899 	0.080423 	6.6946 
43 	24    	4.1008 	1.69001	0.080423 	6.6946 
44 	24    	4.1008 	1.69001	0.080423 	6.6946 
45 	24    	4.1008 	1.69001	0.080423 	6.6946 
46 	24    	4.10068	1.68984	0.080423 	6.6946 
47 	24    	4.10068	1.69005	0.080423 	6.6946 
48 	24    	4.10068	1.69005	0.080423 	6.6946 
49 	24    	4.10065	1.6901 	0.080423 	6.6946 
50 	24    	4.10065	1.6901 	0.080423 	6.6946 
51 	24    	4.10065	1.6901 	0.080423 	6.6946 
52 	24    	4.10053	1.69023	0.0783569	6.6946 
53 	24    	4.10053	1.69023	0.0783569	6.6946 
54 	24    	4.10052	1.6903 	0.0783569	6.6946 
55 	24    	4.10052	1.6903 	0.0783569	6.6946 
56 	24    	4.09518	1.69057	0.080423 	6.6946 
57 	24    	4.09027	1.69046	0.080423 	6.6946 
58 	24    	4.09027	1.69046	0.080423 	6.6946 
59 	24    	4.08507	1.69027	0.077306 	6.6946 
60 	24    	4.07463	1.69046	0.077306 	6.6946 
61 	24    	4.04986	1.68951	0.077306 	6.6946 
62 	24    	4.00986	1.68756	0.077306 	6.69807
63 	24    	3.97905	1.68737	0.0797783	6.69807
64 	24    	3.97814	1.68791	0.0797783	6.69807
65 	24    	3.977  	1.6886 	0.0792574	6.69807
66 	24    	3.97664	1.68848	0.0792574	6.69807
67 	24    	3.97624	1.68866	0.0792574	6.69807
68 	24    	3.97588	1.68822	0.0792574	6.69807
69 	24    	3.97577	1.68799	0.0792574	6.6996 
70 	24    	3.97541	1.68812	0.080858 	6.6996 
71 	24    	3.97519	1.68798	0.0803131	6.6996 
72 	24    	3.97519	1.68798	0.0803131	6.6996 
73 	24    	3.97494	1.68816	0.0803131	6.6996 
74 	24    	3.97341	1.68717	0.0796646	6.6996 
75 	24    	3.97218	1.68667	0.0796646	6.69802
76 	24    	3.97213	1.6866 	0.0796646	6.69802
77 	24    	3.96785	1.68089	0.0796646	6.69802
78 	24    	3.95938	1.67096	0.0796646	6.72415
79 	24    	3.94733	1.65561	0.0797112	6.69066
80 	24    	3.94479	1.65487	0.0817693	6.83397
81 	24    	3.9441 	1.65609	0.0817693	6.83397
82 	24    	3.94206	1.65479	0.0817693	6.84993
83 	24    	3.93965	1.65377	0.0814119	6.84993
84 	24    	3.93696	1.65176	0.0814119	6.84993
85 	24    	3.93317	1.64876	0.0814119	6.84993
86 	24    	3.92698	1.64379	0.0814119	6.85068
87 	24    	3.92607	1.64431	0.0805162	6.85919
88 	24    	3.9257 	1.64475	0.0805162	6.85919
89 	24    	3.92538	1.64528	0.0778669	6.85919
90 	24    	3.92459	1.64541	0.0778669	6.85919
91 	24    	3.92411	1.64534	0.0778669	6.85919
92 	24    	3.92398	1.64518	0.0778669	6.85919
93 	24    	3.92268	1.64587	0.0778669	6.85919
94 	24    	3.91676	1.65014	0.0778669	6.85919
95 	24    	3.91599	1.65071	0.0778669	6.85919
96 	24    	3.90973	1.65516	0.0798086	6.84993
97 	24    	3.90931	1.65489	0.0798086	6.8476 
98 	24    	3.90319	1.65925	0.0799036	6.8476 
99 	24    	3.88817	1.67196	0.0748854	6.8476 
100	24    	3.86869	1.68725	0.0748854	6.84632
101	24    	3.82388	1.72297	0.079924 	6.84632
102	24    	3.79969	1.73538	0.079924 	6.83657
103	24    	3.79634	1.73761	0.079924 	7.6207 
104	24    	3.79438	1.73804	0.0818088	7.6207 
105	24    	3.79237	1.74172	0.0815771	7.6207 
106	24    	3.79014	1.74596	0.0812972	7.6207 
107	24    	3.7882 	1.75412	0.0812972	7.6207 
108	24    	3.78597	1.76233	0.07998  	7.6207 
109	24    	3.78322	1.77565	0.07998  	7.6207 
110	24    	3.77943	1.79715	0.07998  	7.6207 
111	24    	3.77707	1.80264	0.07998  	7.62232
112	24    	3.77489	1.80409	0.0795911	7.65713
113	24    	3.77362	1.80387	0.0777832	7.65894
114	24    	3.77223	1.80396	0.0777832	7.65894
115	24    	3.77015	1.80469	0.0777832	7.65894
116	24    	3.77015	1.80469	0.0777832	7.65894
117	24    	3.76871	1.8049 	0.0777832	7.65894
118	24    	3.76585	1.8061 	0.0777832	7.65894
119	24    	3.76269	1.80723	0.0777832	7.65894
120	24    	3.75786	1.80973	0.0777832	7.65894
--- 5935.375829219818 seconds ---
ran GA
