preds
RHEB
['GRB2', 'CDC37', 'PDPK1']
preds
TSC2
['TSC1', 'PIK3AP1', 'FOXO3']
preds
TSC1
['PIK3AP1', 'TSC2', 'PTEN']
preds
PDPK1
['CRTC2', 'RAC1', 'BCL2L1']
preds
PTEN
['MDM2', 'GSK3B', 'MYB']
preds
IRS1
['PTK2', 'CRTC2', 'BCL2L1']
preds
GSK3B
['MYB', 'MDM2', 'PTEN']
preds
CDKN1B
['PTEN', 'GSK3B', 'MCL1']
preds
FOXO3
['THEM4', 'NR4A1', 'G6PC']
preds
BAD
['PDPK1', 'GRB2', 'IRS1']
preds
MDM2
['PTEN', 'GSK3B', 'BCL2']
preds
BCL2L1
['IRS1', 'RAC1', 'CDC37']
preds
GRB2
['CDC37', 'RHEB', 'CASP9']
preds
THEM4
['FOXO3', 'NR4A1', 'BCL2']
preds
CDC37
['CASP9', 'BCL2L1', 'GRB2']
preds
NOS3
['BCL2', 'MDM2', 'TP53']
preds
CRTC2
['IRS1', 'RAC1', 'EIF4E']
preds
CDKN1A
['THEM4', 'PTEN', 'MYB']
preds
CASP9
['CDC37', 'GRB2', 'PTK2']
preds
RAF1
['BRCA1', 'RAC1', 'CRTC2']
preds
CD19
['SYK', 'CDC37', 'IRS1']
preds
PTK2
['IRS1', 'RAC1', 'PDPK1']
preds
RAC1
['BCL2L1', 'CRTC2', 'IRS1']
preds
BRCA1
['CRTC2', 'GRB2', 'BCL2L1']
preds
BCL2
['MDM2', 'NOS3', 'THEM4']
preds
MCL1
['BCL2', 'PTEN', 'CDKN1B']
preds
MYB
['GSK3B', 'PTEN', 'THEM4']
preds
PIK3AP1
['TSC1', 'TSC2', 'MDM2']
preds
NR4A1
['CCND1', 'FOXO3', 'THEM4']
gen	nevals	avg    	std    	min       	max   
0  	24    	8.93685	5.70226	0.00506896	24.492
1  	24    	8.23605	5.37904	0.00506896	24.492
2  	24    	7.58373	5.11619	0.0148379 	21.7352
3  	24    	7.15998	4.9187 	0.0148379 	21.7352
4  	24    	6.85594	4.78383	0.0148379 	21.7352
5  	24    	6.38927	4.61166	0.00405614	21.7352
6  	24    	6.14791	4.49887	0.0207576 	21.7352
7  	24    	5.81699	4.21796	0.093172  	21.2107
8  	24    	5.60894	3.86429	0.202061  	21.2123
9  	24    	5.45599	3.76184	0.182108  	21.2546
10 	24    	5.36337	3.67711	0.201443  	21.2354
11 	24    	5.33458	3.79145	0.201443  	21.2354
12 	24    	5.27552	3.92999	0.201307  	21.2354
13 	24    	5.22908	4.00637	0.201209  	21.2202
14 	24    	5.21138	4.00916	0.200917  	21.2202
15 	24    	5.17876	3.95383	0.20071   	21.2481
16 	24    	5.13704	3.79843	0.20071   	19.9039
17 	24    	5.055  	3.53281	0.200669  	19.9039
18 	24    	5.03689	3.39661	0.200669  	19.9039
19 	24    	5.02398	3.42015	0.200669  	19.9039
20 	24    	4.99914	3.48057	0.0525311 	19.9039
21 	24    	4.98548	3.25857	0.0464136 	19.9039
22 	24    	4.97146	3.25965	0.0464136 	19.9039
23 	24    	4.92844	3.26239	0.0455747 	19.9039
24 	24    	4.86458	3.23136	0.0455747 	19.9039
25 	24    	4.76023	3.11865	0.04535   	19.9039
26 	24    	4.67751	2.94321	0.200728  	13.9608
27 	24    	4.64899	2.93323	0.200728  	12.9744
28 	24    	4.64784	2.93289	0.200728  	12.9744
29 	24    	4.63237	2.91247	0.200728  	12.9744
30 	24    	4.59416	2.89717	0.200788  	12.9629
31 	24    	4.53956	2.86627	0.200526  	12.9764
32 	24    	4.49378	2.79999	0.20088   	12.9764
33 	24    	4.47004	2.79252	0.054317  	12.9764
34 	24    	4.44271	2.80506	0.054317  	12.9817
35 	24    	4.39563	2.81634	0.200589  	12.9817
36 	24    	4.37922	2.78745	0.200589  	12.9678
37 	24    	4.34826	2.71736	0.200641  	12.9624
38 	24    	4.31996	2.75331	0.200715  	12.9624
39 	24    	4.30842	2.75959	0.200715  	12.969 
40 	24    	4.30317	2.74385	0.200715  	12.969 
41 	24    	4.29749	2.70284	0.200715  	12.9851
42 	24    	4.28196	2.69405	0.200715  	12.9704
43 	24    	4.25827	2.7352 	0.200954  	12.9602
44 	24    	4.24677	2.7483 	0.200489  	12.9679
45 	24    	4.2375 	2.70036	0.200489  	12.9627
46 	24    	4.21483	2.67573	0.200489  	12.9627
47 	24    	4.18383	2.66211	0.200593  	12.9627
48 	24    	4.16948	2.66872	0.200593  	12.9666
49 	24    	4.15412	2.6772 	0.200593  	12.9724
50 	24    	4.14477	2.68153	0.20061   	12.9724
51 	24    	4.14389	2.68145	0.200882  	12.9724
52 	24    	4.14335	2.68121	0.200882  	12.9724
53 	24    	4.14224	2.68166	0.200915  	12.9712
54 	24    	4.1402 	2.68125	0.200773  	12.9712
55 	24    	4.13701	2.68321	0.200773  	12.9712
56 	24    	4.13253	2.6859 	0.200753  	12.9883
57 	24    	4.12439	2.69597	0.200753  	12.9883
58 	24    	4.11187	2.69903	0.200804  	12.9883
59 	24    	4.09855	2.70907	0.0496166 	12.9883
60 	24    	4.0892 	2.72755	0.0496166 	12.9883
61 	24    	4.0793 	2.72433	0.0496166 	12.9883
62 	24    	4.06318	2.71875	0.0496166 	12.9598
63 	24    	4.03877	2.7233 	0.0473016 	12.9824
64 	24    	4.02554	2.73313	0.0460476 	12.9589
65 	24    	3.99895	2.76123	0.0460476 	12.9628
66 	24    	3.9836 	2.77986	0.0460476 	12.9628
67 	24    	3.95914	2.76941	0.0460476 	12.9628
68 	24    	3.94792	2.75457	0.146574  	12.9497
69 	24    	3.93423	2.74364	0.139015  	12.9688
70 	24    	3.93167	2.74097	0.139015  	12.9688
71 	24    	3.93075	2.74083	0.139015  	12.9688
72 	24    	3.93049	2.74156	0.136058  	12.9962
73 	24    	3.93017	2.74165	0.136058  	12.9962
74 	24    	3.92887	2.74021	0.136058  	12.9962
75 	24    	3.91897	2.72257	0.136058  	12.9699
76 	24    	3.91178	2.7112 	0.143708  	12.9699
77 	24    	3.90078	2.6899 	0.143428  	12.9699
78 	24    	3.89943	2.69005	0.140604  	12.9699
79 	24    	3.89587	2.68418	0.140604  	12.9662
80 	24    	3.89162	2.67636	0.136405  	12.9649
81 	24    	3.88498	2.6614 	0.129773  	12.9569
82 	24    	3.87   	2.63131	0.139677  	12.9573
83 	24    	3.86145	2.60175	0.135625  	12.9702
84 	24    	3.85083	2.57322	0.141306  	12.9881
85 	24    	3.8362 	2.56513	0.153465  	12.9606
86 	24    	3.82937	2.5702 	0.140761  	12.9606
87 	24    	3.8116 	2.5593 	0.140761  	12.9543
88 	24    	3.78536	2.57832	0.140761  	12.9543
89 	24    	3.75804	2.6305 	0.133378  	12.9826
90 	24    	3.72687	2.56147	0.13867   	12.9618
91 	24    	3.68666	2.48825	0.172057  	12.9658
92 	24    	3.68026	2.47532	0.169803  	12.9618
93 	24    	3.6609 	2.44346	0.163268  	12.9935
94 	24    	3.62333	2.39234	0.167683  	12.9639
95 	24    	3.58594	2.3247 	0.167683  	12.9624
96 	24    	3.56479	2.22886	0.160542  	12.9624
97 	24    	3.54604	2.23921	0.160542  	12.9715
98 	24    	3.52648	2.25315	0.160542  	12.9715
99 	24    	3.49503	2.26801	0.163537  	12.9715
100	24    	3.47727	2.27378	0.163537  	12.9549
101	24    	3.47253	2.27561	0.163537  	12.9689
102	24    	3.47037	2.27604	0.163537  	12.9689
103	24    	3.46406	2.2779 	0.163537  	12.9689
104	24    	3.45986	2.27856	0.163537  	12.9617
105	24    	3.45083	2.28092	0.163997  	12.993 
106	24    	3.43425	2.28473	0.16386   	12.993 
107	24    	3.43324	2.28442	0.16386   	12.9796
108	24    	3.4309 	2.28688	0.16386   	12.9796
109	24    	3.43047	2.28648	0.16386   	12.9796
110	24    	3.42714	2.28706	0.16386   	12.9796
111	24    	3.42628	2.28848	0.16386   	12.9816
112	24    	3.42418	2.28685	0.174541  	12.9816
113	24    	3.42263	2.28749	0.174541  	12.9728
114	24    	3.421  	2.28943	0.172956  	12.9728
115	24    	3.41389	2.29187	0.172956  	12.9728
116	24    	3.40937	2.28979	0.172956  	12.9728
117	24    	3.40458	2.36376	0.14891   	21.2521
118	24    	3.39263	2.29812	0.14891   	12.9728
119	24    	3.3882 	2.29581	0.14891   	12.9543
120	24    	3.38336	2.29153	0.14891   	12.9564
--- 16161.271704435349 seconds ---
ran GA
