slurmstepd: error: task/cgroup: unable to add task[pid=36323] to memory cg '(null)'
preds
RHEB
['RAC1', 'GRB2', 'TSC2']
preds
TSC2
['MCL1', 'PIK3AP1', 'FOXO3']
preds
TSC1
['PIK3AP1', 'PTEN', 'CDKN1B']
preds
PDPK1
['IRS1', 'RAC1', 'EIF4EBP1']
preds
PTEN
['BCL2', 'GSK3B', 'NOS3']
preds
IRS1
['PDPK1', 'PTK2', 'CRTC2']
preds
GSK3B
['MDM2', 'PTEN', 'FOXO3']
preds
CDKN1B
['NR4A1', 'FOXO3', 'PTEN']
preds
FOXO3
['NR4A1', 'NOS3', 'CDKN1B']
preds
BAD
['PDPK1', 'GRB2', 'IRS1']
preds
MDM2
['GSK3B', 'BCL2', 'NR4A1']
preds
BCL2L1
['IRS1', 'RAC1', 'CDC37']
preds
GRB2
['CDC37', 'BCL2L1', 'RHEB']
preds
THEM4
['NR4A1', 'PTEN', 'GSK3B']
preds
CDC37
['BCL2L1', 'GRB2', 'RAC1']
preds
NOS3
['FOXO3', 'MYB', 'PTEN']
preds
CRTC2
['IRS1', 'RAC1', 'PTK2']
preds
CDKN1A
['THEM4', 'PTEN', 'MCL1']
preds
CASP9
['GRB2', 'RAC1', 'PDPK1']
preds
RAF1
['RAC1', 'PTK2', 'CRTC2']
preds
CD19
['GRB2', 'BCL2L1', 'IRS1']
preds
PTK2
['IRS1', 'CRTC2', 'RAC1']
preds
RAC1
['RHEB', 'BCL2L1', 'CRTC2']
preds
BRCA1
['CRTC2', 'PDPK1', 'BAD']
preds
BCL2
['PTEN', 'MDM2', 'FOXO3']
preds
MCL1
['TSC2', 'PTEN', 'THEM4']
preds
MYB
['NOS3', 'NR4A1', 'THEM4']
preds
PIK3AP1
['TSC1', 'TSC2', 'MYB']
preds
NR4A1
['CDKN1B', 'FOXO3', 'THEM4']
gen	nevals	avg    	std    	min       	max    
0  	24    	9.18914	5.55647	0.00779641	24.1785
1  	24    	8.16225	5.32308	0.00731653	24.1785
2  	24    	7.74575	4.92693	0.00696427	21.7352
3  	24    	7.3125 	4.73492	0.00696427	21.7352
4  	24    	7.16415	4.74458	0.00532505	21.7148
5  	24    	6.88389	4.60203	0.00632099	21.7033
6  	24    	6.73981	4.43867	0.00632099	21.6442
7  	24    	6.56657	4.27184	0.0843557 	21.7352
8  	24    	6.3182 	4.21541	0.0843557 	21.7352
9  	24    	6.2822 	4.20868	0.0843557 	21.6117
10 	24    	6.21422	4.06438	0.113784  	18.4175
11 	24    	6.12095	3.96736	0.186554  	18.4151
12 	24    	6.04587	3.7925 	0.186554  	18.414 
13 	24    	5.98226	3.61164	0.185077  	18.416 
14 	24    	5.93705	3.63769	0.184905  	18.416 
15 	24    	5.85557	3.56522	0.183372  	18.416 
16 	24    	5.7574 	3.46904	0.183803  	18.4118
17 	24    	5.71082	3.4    	0.183803  	14.8201
18 	24    	5.65602	3.35561	0.182802  	14.8201
19 	24    	5.54367	3.28204	0.183984  	14.8201
20 	24    	5.41308	3.18756	0.183984  	13.9426
21 	24    	5.36175	3.15142	0.183984  	13.9063
22 	24    	5.35298	3.22206	0.181712  	13.8502
23 	24    	5.33445	3.24905	0.181712  	13.8502
24 	24    	5.30708	3.29536	0.183127  	13.8502
25 	24    	5.26476	3.34515	0.182685  	13.8467
26 	24    	5.20866	3.34707	0.182685  	13.8467
27 	24    	5.08691	3.3826 	0.182986  	11.9498
28 	24    	4.99475	3.39706	0.182733  	11.9496
29 	24    	4.74746	3.43256	0.18308   	11.9479
30 	24    	4.7054 	3.41463	0.183293  	11.9499
31 	24    	4.70104	3.41317	0.181328  	11.9529
32 	24    	4.70002	3.41278	0.181328  	11.9529
33 	24    	4.6996 	3.41274	0.181328  	11.9529
34 	24    	4.69256	3.41455	0.181328  	11.9529
35 	24    	4.68458	3.41324	0.181328  	11.9529
36 	24    	4.66473	3.41852	0.181328  	11.9529
37 	24    	4.59981	3.43591	0.183217  	11.9468
38 	24    	4.56449	3.45139	0.183217  	11.9479
39 	24    	4.5305 	3.45505	0.183352  	11.9479
40 	24    	4.52184	3.45494	0.182247  	11.9509
41 	24    	4.51358	3.45853	0.182247  	11.9509
42 	24    	4.50886	3.43817	0.181489  	11.9523
43 	24    	4.50461	3.42598	0.181489  	11.9527
44 	24    	4.48987	3.40878	0.182917  	11.9506
45 	24    	4.47237	3.38099	0.182917  	11.9506
46 	24    	4.43634	3.34826	0.183568  	11.9453
47 	24    	4.4008 	3.3355 	0.182208  	11.9508
48 	24    	4.37843	3.35075	0.182782  	11.9486
49 	24    	4.37399	3.3486 	0.18256   	11.9486
50 	24    	4.37186	3.3487 	0.18142   	11.9512
51 	24    	4.36415	3.3473 	0.18142   	11.9512
52 	24    	4.35548	3.34799	0.183259  	11.95  
53 	24    	4.33966	3.35006	0.183259  	11.95  
54 	24    	4.32365	3.35458	0.184427  	11.9459
55 	24    	4.29186	3.30988	0.18366   	11.9482
56 	24    	4.24925	3.28665	0.181538  	11.9515
57 	24    	4.22425	3.2432 	0.181538  	11.9515
58 	24    	4.20282	3.15641	0.183311  	11.9461
59 	24    	4.15908	3.01987	0.183311  	11.9461
60 	24    	4.06695	2.70905	0.185009  	11.942 
61 	24    	3.96243	2.4736 	0.216856  	10.8283
62 	24    	3.92717	2.46516	0.216299  	10.1333
63 	24    	3.92515	2.46418	0.214058  	10.129 
64 	24    	3.9223 	2.46393	0.214058  	10.1177
65 	24    	3.92099	2.46426	0.214058  	10.116 
66 	24    	3.91971	2.46411	0.214058  	10.1063
67 	24    	3.91146	2.4682 	0.214058  	10.1604
68 	24    	3.9014 	2.47347	0.218196  	10.1604
69 	24    	3.89857	2.47385	0.218196  	10.1398
70 	24    	3.8981 	2.4731 	0.218196  	10.1346
71 	24    	3.89779	2.47214	0.213084  	10.1346
72 	24    	3.89768	2.47219	0.219013  	10.1346
73 	24    	3.89766	2.47191	0.219013  	10.1346
74 	24    	3.89744	2.47129	0.219013  	10.1346
75 	24    	3.8971 	2.47085	0.219013  	10.1346
76 	24    	3.89709	2.47114	0.219013  	10.1393
77 	24    	3.8969 	2.47082	0.213923  	10.1393
78 	24    	3.89552	2.4702 	0.212162  	10.1393
79 	24    	3.89531	2.46945	0.212162  	10.1259
80 	24    	3.8951 	2.46978	0.212162  	10.1259
81 	24    	3.89472	2.4704 	0.212162  	10.1756
82 	24    	3.89339	2.47519	0.219641  	10.1756
83 	24    	3.89166	2.47569	0.219278  	10.1756
84 	24    	3.8871 	2.4882 	0.217247  	10.1279
85 	24    	3.88273	2.49823	0.212693  	10.1541
86 	24    	3.87862	2.50575	0.213449  	10.1541
87 	24    	3.86914	2.49717	0.151351  	10.1541
88 	24    	3.86477	2.49591	0.214305  	10.1375
89 	24    	3.85903	2.51958	0.214305  	10.1375
90 	24    	3.85457	2.52567	0.214553  	10.1375
91 	24    	3.85018	2.52687	0.215242  	10.1375
92 	24    	3.84461	2.52919	0.218679  	10.1375
93 	24    	3.84298	2.52191	0.218679  	10.1216
94 	24    	3.84122	2.5108 	0.218679  	10.1351
95 	24    	3.83946	2.50006	0.218679  	10.1351
96 	24    	3.83674	2.49125	0.218679  	10.1166
97 	24    	3.83429	2.47345	0.222012  	10.1166
98 	24    	3.83063	2.4747 	0.218979  	10.1578
99 	24    	3.82251	2.46323	0.214508  	10.1578
100	24    	3.81209	2.45499	0.214508  	10.1473
101	24    	3.80864	2.4488 	0.214439  	10.1473
102	24    	3.80474	2.43764	0.214439  	10.1473
103	24    	3.79861	2.45257	0.212018  	10.1473
104	24    	3.79525	2.47054	0.212018  	10.1473
105	24    	3.79216	2.48774	0.212018  	10.1473
106	24    	3.78631	2.51944	0.212018  	10.1161
107	24    	3.78301	2.52403	0.212018  	10.1161
108	24    	3.78172	2.52337	0.212018  	10.1161
109	24    	3.78024	2.52266	0.212018  	10.1166
110	24    	3.77785	2.49868	0.212018  	10.1825
111	24    	3.7769 	2.49453	0.212018  	10.1825
112	24    	3.77442	2.50005	0.212018  	10.1825
113	24    	3.76949	2.50565	0.212018  	10.1825
114	24    	3.76547	2.50723	0.212018  	10.1439
115	24    	3.76348	2.5056 	0.212018  	10.1452
116	24    	3.76257	2.50716	0.212018  	10.1452
117	24    	3.75715	2.48638	0.212018  	10.1452
118	24    	3.74727	2.46711	0.212018  	10.1551
119	24    	3.74265	2.51587	0.214997  	10.1701
120	24    	3.7391 	2.53611	0.214997  	10.1701
--- 19465.194072008133 seconds ---
ran GA
