slurmstepd: error: task/cgroup: unable to add task[pid=11459] to memory cg '(null)'
preds
RHEB
['RAC1', 'CD19', 'PIK3AP1']
preds
TSC2
['PIK3AP1', 'BCL2', 'DDIT4']
preds
TSC1
['MCL1', 'PIK3AP1', 'THEM4']
preds
PDPK1
['CRTC2', 'RAC1', 'BCL2L1']
preds
PTEN
['MDM2', 'BCL2', 'MYB']
preds
IRS1
['CRTC2', 'EIF4E', 'RAC1']
preds
GSK3B
['MDM2', 'CCND1', 'THEM4']
preds
CDKN1B
['NR4A1', 'FOXO3', 'BCL2']
preds
FOXO3
['THEM4', 'NOS3', 'CDKN1B']
preds
BAD
['PDPK1', 'GRB2', 'IRS1']
preds
MDM2
['PTEN', 'G6PC', 'GSK3B']
preds
BCL2L1
['RAC1', 'PTK2', 'CDC37']
preds
GRB2
['CDC37', 'BCL2L1', 'CRTC2']
preds
THEM4
['FOXO3', 'NOS3', 'PTEN']
preds
CDC37
['CASP9', 'BCL2L1', 'GRB2']
preds
NOS3
['THEM4', 'FOXO3', 'BCL2']
preds
CRTC2
['IRS1', 'RAC1', 'PDPK1']
preds
CDKN1A
['THEM4', 'MDM2', 'FOXO3']
preds
CASP9
['CDC37', 'RAC1', 'IRS1']
preds
RAF1
['RAC1', 'GRB2', 'IRS1']
preds
CD19
['GRB2', 'BCL2L1', 'IRS1']
preds
PTK2
['EIF4EBP1', 'BCL2L1', 'PDPK1']
preds
RAC1
['RHEB', 'BCL2L1', 'CRTC2']
preds
BRCA1
['CRTC2', 'PTK2', 'CDC37']
preds
BCL2
['PTEN', 'NOS3', 'CDKN1B']
preds
MCL1
['TSC1', 'THEM4', 'CDKN1B']
preds
MYB
['PTEN', 'NR4A1', 'PIK3AP1']
preds
PIK3AP1
['TSC1', 'TSC2', 'MYB']
preds
NR4A1
['CDKN1B', 'MYB', 'BCL2']
gen	nevals	avg    	std    	min        	max    
0  	24    	8.81337	5.69969	0.000458782	25.6156
1  	24    	7.67707	5.31543	0.000312838	25.6385
2  	24    	7.02534	4.84363	0.0528294  	21.7352
3  	24    	6.52226	4.56854	0.000568926	21.7352
4  	24    	6.29737	4.09215	0.000470211	21.651 
5  	24    	6.06116	3.95909	0.000381208	24.5984
6  	24    	5.85859	4.02728	0.000381208	24.5984
7  	24    	5.61584	4.00952	0.000381208	24.5984
8  	24    	5.4034 	4.23732	0.000278073	24.5984
9  	24    	5.17947	4.05752	0.00027491 	19.8881
10 	24    	5.0266 	4.05871	0.00027491 	19.8881
11 	24    	4.85466	3.93517	0.00027491 	19.8784
12 	24    	4.73495	3.89302	0.000284897	19.8829
13 	24    	4.64223	3.70578	0.000264751	19.8853
14 	24    	4.54688	3.52043	0.000264751	19.8837
15 	24    	4.49944	3.39103	0.000298651	19.8837
16 	24    	4.42281	3.1297 	0.00032857 	19.8759
17 	24    	4.35464	3.08079	0.000317716	18.2204
18 	24    	4.30627	2.97735	0.000383847	18.2188
19 	24    	4.24276	3.03226	0.000398395	20.281 
20 	24    	4.20001	2.9942 	0.000398395	18.2188
21 	24    	4.19364	2.98806	0.00029257 	18.2189
22 	24    	4.17822	2.88144	0.000281518	18.2192
23 	24    	4.15587	2.89095	0.000254419	18.2192
24 	24    	4.12093	2.56543	0.000332738	18.2178
25 	24    	4.05338	2.35459	0.000369169	9.91101
26 	24    	4.01409	2.34116	0.000339288	11.1205
27 	24    	3.99267	2.32101	0.000320697	11.1355
28 	24    	3.97114	2.33292	0.000218408	11.1355
29 	24    	3.93163	2.3279 	0.000320697	11.1928
30 	24    	3.8899 	2.34638	0.000303508	11.1928
31 	24    	3.8633 	2.38063	0.000303508	11.1928
32 	24    	3.8339 	2.40939	0.000310589	11.1928
33 	24    	3.8007 	2.40611	0.000310493	11.1928
34 	24    	3.77538	2.36276	0.000310493	11.1932
35 	24    	3.76855	2.30703	0.000310493	11.1962
36 	24    	3.76119	2.26029	0.000310493	11.1998
37 	24    	3.74427	2.18394	0.000260819	11.1882
38 	24    	3.71929	2.22788	0.000295898	11.2223
39 	24    	3.69497	2.28136	0.000329852	11.2223
40 	24    	3.68857	2.24567	0.000291919	11.1903
41 	24    	3.68057	2.19541	0.000291919	11.1873
42 	24    	3.66832	2.12631	0.000307714	11.1827
43 	24    	3.65649	2.17904	0.000307714	11.1827
44 	24    	3.63815	2.13284	0.000240071	11.1827
45 	24    	3.62263	2.17868	0.000307714	11.1827
46 	24    	3.61525	2.16005	0.000241132	11.1827
47 	24    	3.59289	2.10091	0.000307714	9.1606 
48 	24    	3.5782 	2.12741	0.000307714	9.1606 
49 	24    	3.5632 	2.10526	0.000319096	9.1606 
50 	24    	3.54347	2.04613	0.000319096	9.1606 
51 	24    	3.50811	1.97053	0.000319096	9.0452 
52 	24    	3.48186	2.00988	0.000262129	9.04503
53 	24    	3.44992	1.95663	0.000366909	9.04593
54 	24    	3.41113	1.8847 	0.000313425	9.61546
55 	24    	3.36144	1.83201	0.000313425	9.6345 
56 	24    	3.33716	1.78441	0.000258809	8.31252
57 	24    	3.32141	1.7403 	0.000296938	8.2768 
58 	24    	3.31101	1.7368 	0.000251286	8.2768 
59 	24    	3.29772	1.73083	0.000251286	8.2768 
60 	24    	3.27548	1.73448	0.000251286	8.32464
61 	24    	3.24752	1.68444	0.000330257	6.57127
62 	24    	3.23669	1.69451	0.000283078	6.57127
63 	24    	3.21584	1.70477	0.00029911 	6.33294
64 	24    	3.20831	1.70614	0.000242503	6.33294
65 	24    	3.18718	1.71328	0.000220652	6.33273
66 	24    	3.16091	1.72224	0.000220652	6.33273
67 	24    	3.1303 	1.7337 	0.000323271	6.33273
68 	24    	3.11495	1.73487	0.000323271	6.33064
69 	24    	3.10994	1.73189	0.00033274 	6.3315 
70 	24    	3.10667	1.72887	0.000225588	6.33263
71 	24    	3.1043 	1.72757	0.000151553	6.33263
72 	24    	3.09553	1.71817	0.000362951	6.33263
73 	24    	3.08836	1.70861	0.000362951	6.33263
74 	24    	3.08185	1.69453	0.000400705	6.33263
75 	24    	3.07521	1.6847 	0.000302579	6.33245
76 	24    	3.06764	1.67933	0.000252948	6.33041
77 	24    	3.06307	1.67502	0.0002764  	6.33041
78 	24    	3.05619	1.66864	0.0002764  	6.34108
79 	24    	3.05229	1.66112	0.000326646	5.89853
80 	24    	3.0518 	1.66088	0.000326646	5.89927
81 	24    	3.05087	1.66085	0.000326646	5.89929
82 	24    	3.04953	1.65946	0.000326646	5.89979
83 	24    	3.04538	1.65597	0.000326646	5.89979
84 	24    	3.03853	1.65152	0.000326646	5.90093
85 	24    	3.03368	1.64575	0.000384988	5.90093
86 	24    	3.03241	1.64195	0.0003173  	5.90093
87 	24    	3.03067	1.64066	0.000312561	5.89797
88 	24    	3.02884	1.64384	0.000312561	5.8989 
89 	24    	3.02601	1.654  	0.000354193	6.14772
90 	24    	3.02415	1.65853	0.000354193	6.14979
91 	24    	3.01952	1.66   	0.000293577	6.14979
92 	24    	3.01458	1.67928	0.000372429	6.14979
93 	24    	3.01084	1.7195 	0.000334534	6.14979
94 	24    	3.00909	1.74011	0.000334534	6.14979
95 	24    	3.00741	1.74927	0.000413668	6.14979
96 	24    	3.00635	1.75882	0.000411333	6.14964
97 	24    	3.00476	1.76266	0.000254917	6.14964
98 	24    	3.00399	1.76237	0.000254917	6.15064
99 	24    	3.00296	1.7615 	0.000254917	6.15064
100	24    	3.0015 	1.75988	0.000399583	6.15064
101	24    	2.99967	1.75763	0.00037083 	6.15064
102	24    	2.99636	1.75335	0.00037083 	6.14959
103	24    	2.98933	1.74541	0.00037083 	6.15033
104	24    	2.98687	1.74218	0.000387815	6.15033
105	24    	2.98578	1.74174	0.00019258 	6.15033
106	24    	2.98493	1.74067	0.00019258 	6.15033
107	24    	2.98386	1.73848	0.00019258 	6.15033
108	24    	2.98247	1.73675	0.000260196	6.15033
109	24    	2.98131	1.73389	0.000315595	6.15075
110	24    	2.97994	1.73259	0.000315595	6.15033
111	24    	2.97775	1.7298 	0.000316287	6.14967
112	24    	2.97575	1.72617	0.000316287	6.14949
113	24    	2.97223	1.71895	0.000316287	6.12825
114	24    	2.97056	1.71696	0.000316287	6.12825
115	24    	2.96742	1.71432	0.000344327	6.12877
116	24    	2.96493	1.71376	0.000344327	6.12877
117	24    	2.96084	1.71269	0.000418451	6.12987
118	24    	2.95739	1.71011	0.000294124	6.13552
119	24    	2.95589	1.70946	0.000294124	6.13369
120	24    	2.95485	1.70905	0.000294124	6.13154
--- 19743.653394937515 seconds ---
ran GA
