preds
ARNT
['EP300', 'EIF4E', 'TFRC']
preds
EP300
['ARNT', 'TF', 'TFRC']
preds
HIF1A
['NOS3', 'BCL2', 'FLT1']
gen	nevals	avg    	std    	min     	max    
0  	24    	8.83479	5.34982	0.252727	20.7127
1  	24    	7.09224	4.14515	0.251432	20.7127
2  	24    	6.46364	3.19404	0.322787	18.0156
3  	24    	6.12691	2.93337	0.0894242	15.8502
4  	24    	5.89606	2.72306	0.340287 	14.8412
5  	24    	5.6514 	2.62789	0.340287 	15.9833
6  	24    	5.44772	2.45085	0.340445 	15.9833
7  	24    	5.28244	2.28152	0.370201 	15.9833
8  	24    	5.15611	2.37833	0.417602 	16.029 
9  	24    	5.08477	2.25202	0.417602 	16.029 
10 	24    	4.95452	1.97148	0.662225 	12.1513
11 	24    	4.86225	1.94102	0.662225 	9.13353
12 	24    	4.82212	1.86713	0.662225 	8.65582
13 	24    	4.81009	1.84246	0.662225 	8.65582
14 	24    	4.79144	1.82397	0.312837 	8.65229
15 	24    	4.75312	1.74877	0.312837 	8.64493
16 	24    	4.69287	1.61199	0.312837 	7.14773
17 	24    	4.61665	1.58735	0.944964 	6.83888
18 	24    	4.60152	1.57185	0.945018 	6.81067
19 	24    	4.57886	1.55452	0.314373 	7.18535
20 	24    	4.56029	1.54389	0.945046 	6.51974
21 	24    	4.5435 	1.55911	0.945338 	6.51856
22 	24    	4.51549	1.55891	0.945188 	6.51716
23 	24    	4.47591	1.49635	0.945386 	6.51625
24 	24    	4.41699	1.38984	0.946159 	6.50455
25 	24    	4.39976	1.38109	1.39872  	5.8591 
26 	24    	4.39851	1.38048	1.39573  	5.85921
27 	24    	4.39787	1.38005	1.39573  	5.85982
28 	24    	4.3977 	1.37997	1.39573  	5.85982
29 	24    	4.39724	1.37955	1.39573  	5.85982
30 	24    	4.39722	1.3796 	1.39573  	5.85982
31 	24    	4.39722	1.3796 	1.39573  	5.85982
32 	24    	4.39708	1.37953	1.39486  	5.85982
33 	24    	4.39708	1.37953	1.39486  	5.85982
34 	24    	4.39706	1.37949	1.39486  	5.85982
35 	24    	4.39675	1.37941	1.39486  	5.85982
36 	24    	4.39665	1.3794 	1.39573  	5.85982
37 	24    	4.39651	1.37931	1.39573  	5.85982
38 	24    	4.39649	1.37939	1.39573  	5.85982
39 	24    	4.3964 	1.37934	1.39573  	5.85982
40 	24    	4.3964 	1.37934	1.39573  	5.85982
41 	24    	4.39633	1.3793 	1.39573  	5.85982
42 	24    	4.39628	1.3793 	1.39573  	5.85982
43 	24    	4.3962 	1.37906	1.39573  	5.85982
44 	24    	4.39616	1.37909	1.39573  	5.86049
45 	24    	4.39615	1.37909	1.39573  	5.86049
46 	24    	4.39612	1.37911	1.39573  	5.86049
47 	24    	4.39604	1.37887	1.39573  	5.86049
48 	24    	4.39604	1.37887	1.39573  	5.86049
49 	24    	4.39561	1.37858	1.39573  	5.86049
50 	24    	4.39554	1.37855	1.39573  	5.86049
51 	24    	4.39324	1.37851	1.39573  	5.86049
52 	24    	4.39024	1.3866 	0.945404 	5.86049
53 	24    	4.38873	1.38546	0.945404 	5.86038
54 	24    	4.3818 	1.39171	0.945404 	5.86029
55 	24    	4.36837	1.43121	0.945404 	5.86029
56 	24    	4.35502	1.46298	0.945446 	5.85915
57 	24    	4.3526 	1.43427	0.945446 	5.85915
58 	24    	4.34957	1.43944	0.945446 	5.85744
59 	24    	4.3451 	1.44307	0.945425 	5.86016
60 	24    	4.34363	1.42144	0.945281 	5.86016
61 	24    	4.34345	1.44186	0.945281 	5.86016
62 	24    	4.34332	1.44192	0.945281 	5.86016
63 	24    	4.34323	1.43487	0.945281 	5.86016
64 	24    	4.34319	1.43475	0.945281 	5.86016
65 	24    	4.34307	1.42791	0.945281 	5.86016
66 	24    	4.34304	1.42787	0.945281 	5.86016
67 	24    	4.34275	1.44135	0.945281 	5.86016
68 	24    	4.34259	1.44802	0.945281 	5.85986
69 	24    	4.34258	1.44812	0.945281 	5.85986
70 	24    	4.34254	1.44816	0.945281 	5.85986
71 	24    	4.34237	1.4409 	0.945281 	5.85986
72 	24    	4.34237	1.4409 	0.945281 	5.85986
73 	24    	4.34224	1.44073	0.945281 	5.85986
74 	24    	4.34106	1.47743	0.945281 	10.3976
75 	24    	4.33972	1.51253	0.945281 	10.3976
76 	24    	4.33793	1.54741	0.945281 	10.4055
77 	24    	4.33479	1.67199	0.945375 	10.4055
78 	24    	4.33047	1.7868 	0.95797  	10.4055
79 	24    	4.32817	1.8914 	0.957893 	10.4055
80 	24    	4.3271 	1.95901	0.957893 	10.412 
81 	24    	4.32662	2.02398	0.963068 	10.412 
82 	24    	4.32606	2.04595	0.963068 	10.412 
83 	24    	4.3254 	2.0476 	0.963068 	10.4358
84 	24    	4.32444	2.04828	0.963068 	10.418 
85 	24    	4.32268	2.0311 	0.963068 	10.4238
86 	24    	4.3198 	2.05567	0.963068 	10.4256
87 	24    	4.31614	2.01709	0.963068 	10.4238
88 	24    	4.31065	2.01905	0.963068 	10.4132
89 	24    	4.30739	2.04207	0.963068 	10.4152
90 	24    	4.3009 	2.08581	0.963068 	10.4185
91 	24    	4.29307	2.10489	0.963068 	10.4185
92 	24    	4.28296	2.12432	1.1753   	10.4294
93 	24    	4.28014	2.12608	1.1753   	10.4294
94 	24    	4.27452	2.12584	1.17494  	10.4294
95 	24    	4.26496	2.12495	1.17494  	10.4294
96 	24    	4.26275	2.12672	1.17527  	10.4437
97 	24    	4.26238	2.12728	1.17526  	10.4437
98 	24    	4.26165	2.11955	1.17524  	10.4437
99 	24    	4.26084	2.10683	1.17153  	10.4437
100	24    	4.26018	2.09879	1.17153  	10.4437
101	24    	4.25815	2.05946	1.17153  	10.4197
102	24    	4.25291	2.01568	1.26141  	10.4041
103	24    	4.25078	2.01847	1.26141  	10.4433
104	24    	4.24637	2.02056	1.26141  	10.4293
105	24    	4.24265	2.00946	0.862597 	10.4105
106	24    	4.23722	2.01196	0.862597 	10.4105
107	24    	4.22273	1.97135	0.862597 	10.4082
108	24    	4.20919	1.89493	0.860631 	10.408 
109	24    	4.20325	1.87895	0.875813 	10.4092
110	24    	4.19785	1.75303	0.875813 	10.409 
111	24    	4.19079	1.52617	0.874335 	10.409 
112	24    	4.17962	1.46454	0.865071 	10.384 
113	24    	4.17173	1.49293	0.865071 	10.384 
114	24    	4.16239	1.60868	0.865071 	10.4232
115	24    	4.16204	1.58186	0.867979 	10.4232
116	24    	4.15669	1.64769	0.867979 	10.4232
117	24    	4.14574	1.70897	0.873313 	10.4232
118	24    	4.13771	1.81999	0.873313 	10.4232
119	24    	4.12243	1.83671	0.876981 	10.4232
120	24    	4.11099	1.79786	0.879152 	10.3904
--- 5411.583361387253 seconds ---
ran GA
