slurmstepd: error: task/cgroup: unable to add task[pid=11697] to memory cg '(null)'
preds
ITGB1
['F11R', 'ICAM3', 'ITGAL']
preds
ITGAL
['ICAM2', 'ITGA4', 'CD28']
preds
CD226
['CD28', 'JAM3', 'ITGB7']
preds
ITGA4
['CD80', 'ITGAL', 'ICOSLG']
preds
ICAM1
['ITGAL', 'ITGA4', 'NTNG2']
preds
JAM3
['CD22', 'CD226', 'ICAM2']
preds
F11R
['ICAM3', 'ITGB1', 'ICAM2']
gen	nevals	avg    	std    	min        	max    
0  	24    	5.11899	6.61387	5.20094e-05	23.1651
1  	24    	4.23869	5.60277	6.92687e-05	23.1651
2  	24    	3.75475	5.1681 	7.11482e-05	22.1386
3  	24    	3.46629	4.85937	9.53222e-05	22.1386
4  	24    	3.20943	4.49355	9.53222e-05	22.1386
5  	24    	3.01744	4.27003	9.53222e-05	22.1324
6  	24    	2.87851	3.92738	0.000117587	19.7311
7  	24    	2.7463 	3.90782	6.88293e-05	19.691 
8  	24    	2.6584 	3.92031	6.88293e-05	19.691 
9  	24    	2.62426	3.75756	6.88293e-05	19.691 
10 	24    	2.57738	3.66304	6.88293e-05	14.3082
11 	24    	2.54614	3.5787 	6.88293e-05	14.3082
12 	24    	2.46093	3.37278	0.00013761 	20.6959
13 	24    	2.4266 	3.30863	3.75161e-05	13.5235
14 	24    	2.35861	3.2583 	1.73161e-05	13.8871
15 	24    	2.33042	3.24042	0.000144337	13.8918
16 	24    	2.3282 	3.24135	0.000143491	13.8918
17 	24    	2.32005	3.2453 	0.000143491	13.907 
18 	24    	2.30597	3.25472	0.00019942 	13.9152
19 	24    	2.30106	3.25314	0.000191718	13.9011
20 	24    	2.30062	3.25295	9.26503e-05	13.8995
21 	24    	2.30023	3.25301	7.91832e-05	13.8984
22 	24    	2.29992	3.25281	5.04264e-05	13.8984
23 	24    	2.29975	3.25267	5.04264e-05	13.8984
24 	24    	2.29961	3.25257	5.04264e-05	13.9003
25 	24    	2.29949	3.25237	5.04264e-05	13.9003
26 	24    	2.29945	3.25253	5.04264e-05	13.9003
27 	24    	2.29937	3.25242	5.04264e-05	13.8951
28 	24    	2.29936	3.25245	5.04264e-05	13.8951
29 	24    	2.29935	3.25239	5.04264e-05	13.8951
30 	24    	2.29928	3.25216	5.04264e-05	13.8951
31 	24    	2.29923	3.2522 	5.04264e-05	13.8951
32 	24    	2.29805	3.25973	8.72767e-05	13.8951
33 	24    	2.29538	3.27403	0.000102112	13.8948
34 	24    	2.28394	3.27423	0.000102112	13.8965
35 	24    	2.27002	3.28868	0.000136411	13.8965
36 	24    	2.2466 	3.23157	0.000139019	13.8969
37 	24    	2.23914	3.28903	0.000122663	13.9128
38 	24    	2.21414	3.17068	0.000131199	13.8949
39 	24    	2.14295	2.84631	0.000131199	13.8949
40 	24    	2.11405	2.73613	6.16882e-05	11.7158
41 	24    	2.10316	2.76698	0.000125937	11.7158
42 	24    	2.07896	2.80918	7.97503e-05	13.2007
43 	24    	2.05334	2.78343	7.97503e-05	13.2007
44 	24    	2.02392	2.70179	5.92788e-05	11.7174
45 	24    	1.96438	2.52759	0.000100858	11.7133
46 	24    	1.953  	2.52224	7.85172e-05	11.7139
47 	24    	1.92935	2.50728	0.000167448	11.7139
48 	24    	1.90455	2.4855 	0.000102098	11.7133
49 	24    	1.90427	2.4856 	5.17338e-05	11.7253
50 	24    	1.90412	2.48546	5.17338e-05	11.7253
51 	24    	1.90404	2.4854 	0.000102098	11.7253
52 	24    	1.90404	2.4854 	0.000102098	11.7253
53 	24    	1.90402	2.48533	0.000102098	11.7253
54 	24    	1.90398	2.48524	0.000102098	11.7253
55 	24    	1.90393	2.48506	0.000102098	11.7253
56 	24    	1.9036 	2.48501	5.38668e-05	11.7253
57 	24    	1.90206	2.47062	5.38668e-05	11.7253
58 	24    	1.90032	2.45646	5.38668e-05	11.7253
59 	24    	1.89848	2.44185	5.38668e-05	11.7232
60 	24    	1.8967 	2.42763	5.38668e-05	11.7232
61 	24    	1.89428	2.41316	5.38668e-05	11.7232
62 	24    	1.88615	2.33917	5.38668e-05	11.7232
63 	24    	1.87347	2.18293	0.000115767	11.7123
64 	24    	1.86817	2.11702	0.000115767	7.6412 
65 	24    	1.867  	2.11687	0.000120289	7.64054
66 	24    	1.86617	2.11681	2.01933e-05	7.64652
67 	24    	1.86344	2.11675	2.01933e-05	7.64652
68 	24    	1.86068	2.11724	8.65008e-05	7.64652
69 	24    	1.86022	2.11688	0.000142183	7.6382 
70 	24    	1.8601 	2.11683	0.000142183	7.63659
71 	24    	1.85978	2.11648	7.62106e-05	7.63659
72 	24    	1.85928	2.11608	5.81846e-05	7.63511
73 	24    	1.85897	2.11586	5.81846e-05	7.64341
74 	24    	1.85871	2.11564	5.81846e-05	7.64341
75 	24    	1.85773	2.11525	5.81846e-05	7.64341
76 	24    	1.85648	2.11491	0.000105299	7.64062
77 	24    	1.85556	2.11457	0.000128459	7.63712
78 	24    	1.85406	2.11371	4.7254e-05 	7.63966
79 	24    	1.85385	2.11335	4.7254e-05 	7.63965
80 	24    	1.85174	2.11236	0.000160634	7.63965
81 	24    	1.85154	2.11225	0.000166018	7.63965
82 	24    	1.84936	2.11143	9.01082e-05	7.63965
83 	24    	1.84472	2.10929	6.8298e-05 	7.63895
84 	24    	1.8377 	2.10679	6.8298e-05 	7.63895
85 	24    	1.82938	2.10412	6.8298e-05 	7.63895
86 	24    	1.82917	2.10401	6.8298e-05 	7.64828
87 	24    	1.82893	2.10368	9.85655e-05	7.63895
88 	24    	1.82886	2.10373	7.06224e-05	7.63647
89 	24    	1.82876	2.10368	0.000124627	7.63745
90 	24    	1.82873	2.10372	0.000124627	7.63745
91 	24    	1.82869	2.10362	5.51303e-05	7.63745
92 	24    	1.82865	2.10362	5.51303e-05	7.63745
93 	24    	1.82863	2.10358	5.51303e-05	7.63745
94 	24    	1.82863	2.10357	5.51303e-05	7.63745
95 	24    	1.82863	2.10355	5.51303e-05	7.63745
96 	24    	1.82861	2.10352	5.51303e-05	7.63745
97 	24    	1.82786	2.10248	5.51303e-05	7.63745
98 	24    	1.82784	2.10248	5.51303e-05	7.63745
99 	24    	1.82782	2.10242	5.51303e-05	7.63745
100	24    	1.82701	2.10132	5.51303e-05	7.63745
101	24    	1.82699	2.10132	5.51303e-05	7.63652
102	24    	1.8263 	2.1003 	5.51303e-05	7.63652
103	24    	1.82286	2.0952 	5.51303e-05	7.63652
104	24    	1.81789	2.08848	0.000106348	7.63643
105	24    	1.81142	2.07894	0.000106348	7.63894
106	24    	1.81069	2.07872	0.000144075	7.64313
107	24    	1.81003	2.0788 	0.000144075	7.64313
108	24    	1.8095 	2.07908	0.000144075	7.64313
109	24    	1.80898	2.07932	0.000144075	7.64313
110	24    	1.80723	2.08274	0.000144075	7.63792
111	24    	1.80607	2.08605	9.90121e-05	7.63585
112	24    	1.80549	2.08209	8.58748e-05	7.64259
113	24    	1.80532	2.08188	8.58748e-05	7.64259
114	24    	1.80511	2.08166	4.90179e-05	7.63727
115	24    	1.80506	2.08158	4.90179e-05	7.63727
116	24    	1.80503	2.08158	4.90179e-05	7.63727
117	24    	1.80495	2.08129	4.90179e-05	7.63727
118	24    	1.80493	2.08137	4.90179e-05	7.63766
119	24    	1.80479	2.08106	4.90179e-05	7.63612
120	24    	1.80477	2.081  	4.90179e-05	7.63612
--- 7850.875993967056 seconds ---
ran GA
