preds
RHEB
['CD19', 'THEM4', 'MDM2']
preds
TSC2
['TSC1', 'PIK3AP1', 'FOXO3']
preds
TSC1
['PIK3AP1', 'TSC2', 'BCL2']
preds
PDPK1
['IRS1', 'CRTC2', 'BCL2L1']
preds
PTEN
['BCL2', 'GSK3B', 'MYB']
preds
IRS1
['PDPK1', 'CRTC2', 'RAC1']
preds
GSK3B
['PTEN', 'FOXO3', 'THEM4']
preds
CDKN1B
['THEM4', 'CDKN1A', 'MYB']
preds
FOXO3
['THEM4', 'NR4A1', 'NOS3']
preds
BAD
['EIF4E', 'PDPK1', 'RAC1']
preds
MDM2
['NOS3', 'FOXO3', 'CDKN1A']
preds
BCL2L1
['RAC1', 'PTK2', 'CDC37']
preds
GRB2
['CDC37', 'BCL2L1', 'CASP9']
preds
THEM4
['CDKN1B', 'FOXO3', 'NOS3']
preds
CDC37
['CASP9', 'BCL2L1', 'GRB2']
preds
NOS3
['THEM4', 'FOXO3', 'NR4A1']
preds
CRTC2
['IRS1', 'PTK2', 'PDPK1']
preds
CDKN1A
['CDKN1B', 'PTEN', 'MDM2']
preds
CASP9
['CDC37', 'GRB2', 'PTK2']
preds
RAF1
['RAC1', 'CRTC2', 'GRB2']
preds
CD19
['GRB2', 'BCL2L1', 'IRS1']
preds
PTK2
['BCL2L1', 'CRTC2', 'PDPK1']
preds
RAC1
['BCL2L1', 'IRS1', 'BRCA1']
preds
BRCA1
['RAC1', 'CRTC2', 'PTK2']
preds
BCL2
['PTEN', 'MYB', 'TSC1']
preds
MCL1
['PIK3AP1', 'CDKN1A', 'GSK3B']
preds
MYB
['PTEN', 'BCL2', 'CDKN1B']
preds
PIK3AP1
['TSC1', 'MCL1', 'TSC2']
preds
NR4A1
['DDIT4', 'FOXO3', 'THEM4']
gen	nevals	avg    	std    	min      	max    
0  	24    	7.72746	5.02111	0.0827778	22.9051
1  	24    	6.99528	4.55001	0.0827778	21.7352
2  	24    	6.62708	4.28959	0.265489 	21.7352
3  	24    	6.43377	4.07923	0.300084 	21.7352
4  	24    	6.19981	3.6577 	0.243008 	21.6378
5  	24    	6.08574	3.47307	0.243008 	21.7352
6  	24    	5.96863	3.43354	0.144212 	17.7753
7  	24    	5.81153	3.15465	0.243008 	16.9711
8  	24    	5.73995	3.13383	0.243008 	21.3124
9  	24    	5.66764	3.11427	0.236176 	21.3124
10 	24    	5.6108 	3.15748	0.236176 	21.3124
11 	24    	5.53998	3.05685	0.161991 	21.3124
12 	24    	5.47387	2.98619	0.15465  	15.5148
13 	24    	5.41776	2.97247	0.133524 	15.5148
14 	24    	5.38554	2.99412	0.133524 	15.5256
15 	24    	5.32707	3.07469	0.133524 	15.5256
16 	24    	5.24902	2.99704	0.120471 	15.5117
17 	24    	5.13685	2.87935	0.120471 	15.5117
18 	24    	5.0063 	2.72953	0.14596  	15.5346
19 	24    	4.91277	2.58799	0.129283 	15.5346
20 	24    	4.85997	2.50876	0.129283 	15.506 
21 	24    	4.8421 	2.4301 	0.146362 	15.472 
22 	24    	4.77865	2.13364	0.130963 	15.4317
23 	24    	4.70428	1.90549	0.130963 	10.3477
24 	24    	4.6656 	1.87772	0.130963 	10.3477
25 	24    	4.51239	1.68842	0.328902 	9.33303
26 	24    	4.48299	1.67202	0.328902 	8.91572
27 	24    	4.45789	1.6709 	0.326212 	8.91572
28 	24    	4.44619	1.68125	0.32539  	8.9123 
29 	24    	4.42449	1.70491	0.32539  	8.91065
30 	24    	4.40892	1.72674	0.317448 	8.91288
31 	24    	4.4028 	1.73042	0.317448 	8.91319
32 	24    	4.39177	1.72436	0.317448 	8.91131
33 	24    	4.3762 	1.71668	0.317621 	8.91059
34 	24    	4.35936	1.71222	0.320961 	8.91279
35 	24    	4.35703	1.71472	0.320961 	8.91635
36 	24    	4.35468	1.70723	0.318687 	8.91635
37 	24    	4.35195	1.71424	0.319255 	8.91635
38 	24    	4.34964	1.71616	0.319255 	8.91635
39 	24    	4.34851	1.71448	0.321031 	8.91635
40 	24    	4.3433 	1.71392	0.319874 	8.91549
41 	24    	4.33352	1.71223	0.319874 	8.91549
42 	24    	4.32268	1.72449	0.32287  	8.91307
43 	24    	4.31355	1.73842	0.206284 	8.91836
44 	24    	4.30296	1.75396	0.204844 	8.91836
45 	24    	4.29471	1.78053	0.204844 	8.91836
46 	24    	4.28205	1.7854 	0.204844 	8.91299
47 	24    	4.26977	1.77656	0.204095 	8.91046
48 	24    	4.26462	1.79527	0.204095 	8.90724
49 	24    	4.25665	1.7602 	0.205229 	8.90886
50 	24    	4.24826	1.70535	0.205414 	8.90886
51 	24    	4.23491	1.73408	0.204623 	8.38283
52 	24    	4.22502	1.80374	0.204185 	8.38314
53 	24    	4.20755	1.90794	0.204444 	8.38314
54 	24    	4.19699	1.94151	0.20438  	8.38494
55 	24    	4.18886	1.9383 	0.204397 	8.38585
56 	24    	4.16992	1.92879	0.204397 	8.38585
57 	24    	4.15315	1.91811	0.204397 	8.38358
58 	24    	4.13227	1.90517	0.204397 	8.38358
59 	24    	4.12077	1.89243	0.204205 	8.38349
60 	24    	4.11437	1.89694	0.204397 	8.38195
61 	24    	4.10331	1.90659	0.204638 	8.38471
62 	24    	4.08693	1.92109	0.204638 	8.38471
63 	24    	4.0595 	1.94675	0.319831 	8.38478
64 	24    	4.05866	1.94656	0.319831 	8.38329
65 	24    	4.05849	1.94676	0.319831 	8.38329
66 	24    	4.05769	1.94668	0.308415 	8.38329
67 	24    	4.05698	1.94707	0.308415 	8.38195
68 	24    	4.05606	1.9465 	0.273605 	8.3841 
69 	24    	4.0555 	1.94638	0.268265 	8.3841 
70 	24    	4.05076	1.94322	0.268265 	8.3841 
71 	24    	4.04493	1.94095	0.267567 	8.38359
72 	24    	4.03697	1.93386	0.265655 	8.38359
73 	24    	4.02242	1.92105	0.269125 	8.38515
74 	24    	3.99483	1.89492	0.268299 	8.3857 
75 	24    	3.97139	1.86611	0.268299 	8.3857 
76 	24    	3.96461	1.86693	0.23445  	8.3857 
77 	24    	3.9607 	1.86851	0.263877 	8.3857 
78 	24    	3.95685	1.87272	0.272504 	8.3857 
79 	24    	3.95375	1.87178	0.272504 	8.3857 
80 	24    	3.95046	1.86902	0.302125 	8.38443
81 	24    	3.94541	1.86551	0.302125 	8.38389
82 	24    	3.93907	1.86399	0.302125 	8.38317
83 	24    	3.9314 	1.86481	0.302125 	8.38235
84 	24    	3.92348	1.86636	0.302806 	8.38226
85 	24    	3.91349	1.87112	0.306948 	8.38408
86 	24    	3.90537	1.87241	0.300006 	8.38408
87 	24    	3.89769	1.87655	0.300006 	8.38408
88 	24    	3.89307	1.8798 	0.298795 	8.3816 
89 	24    	3.88004	1.87994	0.298795 	8.38158
90 	24    	3.87119	1.87954	0.298795 	8.38373
91 	24    	3.85811	1.87829	0.304333 	8.38373
92 	24    	3.85436	1.8771 	0.304333 	8.38373
93 	24    	3.85139	1.88081	0.121271 	8.38373
94 	24    	3.84935	1.88281	0.119998 	8.38257
95 	24    	3.84768	1.88467	0.119998 	8.38311
96 	24    	3.8438 	1.88746	0.117959 	8.38311
97 	24    	3.83944	1.89193	0.115332 	8.38276
98 	24    	3.83372	1.89947	0.115332 	8.38276
99 	24    	3.82316	1.92568	0.115332 	8.3829 
100	24    	3.81667	1.93437	0.115332 	8.3829 
101	24    	3.8112 	1.93222	0.116972 	8.38252
102	24    	3.80551	1.92659	0.115397 	8.3862 
103	24    	3.7997 	1.9187 	0.115397 	8.3862 
104	24    	3.78661	1.8932 	0.114968 	8.3862 
105	24    	3.776  	1.87027	0.114968 	8.38314
106	24    	3.77461	1.86834	0.114968 	8.38282
107	24    	3.77333	1.86841	0.114968 	8.38282
108	24    	3.77128	1.87184	0.115461 	8.38433
109	24    	3.76897	1.87535	0.115461 	8.38433
110	24    	3.76686	1.88894	0.11162  	9.2871 
111	24    	3.76245	1.8897 	0.11162  	9.2871 
112	24    	3.76075	1.88742	0.11162  	9.2871 
113	24    	3.75824	1.88714	0.11162  	9.2871 
114	24    	3.75467	1.87451	0.1171   	8.38288
115	24    	3.75201	1.87218	0.11559  	8.38288
116	24    	3.75032	1.87195	0.113168 	8.38436
117	24    	3.74464	1.87105	0.113168 	8.38436
118	24    	3.7386 	1.86831	0.113168 	8.38436
119	24    	3.72697	1.86999	0.117345 	8.3824 
120	24    	3.71239	1.8791 	0.117345 	8.3824 
--- 14421.096809148788 seconds ---
ran GA
