preds
F11R
['CXCR4', 'RAC2', 'RAC1']
preds
ITGAL
['ITGA4', 'RASSF5', 'JAM3']
preds
RHOA
['CDC42', 'RAC1', 'RAC2']
preds
JAM3
['PTK2B', 'ITGAL', 'RHOA']
preds
RAC1
['RHOA', 'CDC42', 'NCF4']
preds
RAC2
['RHOA', 'PTK2', 'F11R']
preds
RASSF5
['NCF1', 'PECAM1', 'CTNNB1']
preds
PTK2B
['JAM3', 'RASSF5', 'ITGAL']
preds
CXCR4
['F11R', 'CDC42', 'RHOA']
preds
ICAM1
['CYBA', 'RAC1', 'CDC42']
preds
CDC42
['RHOA', 'RAC1', 'CXCR4']
gen	nevals	avg  	std    	min        	max    
0  	24    	6.482	4.52478	9.19411e-05	20.1086
1  	24    	5.21559	3.42279	0.000104779	19.1078
2  	24    	4.59853	2.71263	0.000104779	16.7361
3  	24    	4.21481	2.53489	0.000104779	16.4762
4  	24    	4.01607	2.23989	8.53023e-05	15.6355
5  	24    	3.81051	2.03475	0.000103014	8.64757
6  	24    	3.72439	2.00367	0.000103014	8.64757
7  	24    	3.66118	2.01124	8.17448e-05	8.11583
8  	24    	3.60854	2.00225	8.17448e-05	8.11583
9  	24    	3.55765	1.96835	4.73771e-05	7.86409
10 	24    	3.50089	1.96854	4.73771e-05	7.87074
11 	24    	3.46795	1.96536	4.73771e-05	7.87453
12 	24    	3.42908	1.9442 	4.73771e-05	7.86409
13 	24    	3.40153	1.90962	4.73771e-05	7.72116
14 	24    	3.39015	1.87162	4.73771e-05	6.23034
15 	24    	3.38628	1.86133	6.32654e-05	6.22679
16 	24    	3.38144	1.84921	8.68547e-05	5.9197 
17 	24    	3.38044	1.8483 	3.04734e-05	5.9197 
18 	24    	3.37649	1.85039	0.00010886 	5.91511
19 	24    	3.37276	1.85313	0.000104689	5.9179 
20 	24    	3.36331	1.86066	0.00010886 	5.9179 
21 	24    	3.34209	1.8754 	0.000120858	5.91643
22 	24    	3.3062 	1.90057	0.000108474	5.91475
23 	24    	3.30525	1.90067	0.000166903	5.91475
24 	24    	3.30457	1.90125	0.000107399	5.91524
25 	24    	3.30405	1.90091	5.87085e-05	5.91524
26 	24    	3.30396	1.90101	5.87085e-05	5.91374
27 	24    	3.30373	1.90087	4.45061e-05	5.91647
28 	24    	3.30351	1.9005 	4.45061e-05	5.91647
29 	24    	3.30197	1.89957	4.45061e-05	5.91647
30 	24    	3.3006 	1.89859	4.45061e-05	5.91647
31 	24    	3.29657	1.89651	0.000162527	5.91374
32 	24    	3.28922	1.89162	2.05138e-05	6.40997
33 	24    	3.26641	1.88686	2.05138e-05	6.40997
34 	24    	3.25027	1.89666	2.05138e-05	5.91667
35 	24    	3.23421	1.90571	2.05138e-05	5.91586
36 	24    	3.19852	1.92976	3.2242e-05 	5.91586
37 	24    	3.14978	1.96083	0.000120279	5.9191 
38 	24    	3.10129	1.99059	0.000109683	5.9191 
39 	24    	3.10025	1.98984	0.000109683	5.91508
40 	24    	3.09991	1.98937	7.54618e-05	5.91508
41 	24    	3.09965	1.98948	9.39486e-05	5.91463
42 	24    	3.09951	1.98999	9.39486e-05	5.91463
43 	24    	3.09927	1.98984	9.08021e-05	5.91463
44 	24    	3.09907	1.99001	9.08021e-05	5.91372
45 	24    	3.09906	1.99007	9.08021e-05	5.91372
46 	24    	3.09901	1.99015	9.08021e-05	5.91372
47 	24    	3.09891	1.99034	9.08021e-05	5.91372
48 	24    	3.09873	1.99028	0.00012361 	5.91495
49 	24    	3.09873	1.99036	0.00012361 	5.91495
50 	24    	3.0987 	1.99036	0.00012361 	5.91495
51 	24    	3.09868	1.99056	0.00012361 	5.91495
52 	24    	3.09866	1.99067	0.00012361 	5.91495
53 	24    	3.0986 	1.99047	0.00012361 	5.91495
54 	24    	3.09852	1.99006	0.00012361 	5.91495
55 	24    	3.09848	1.98973	0.00012361 	5.91495
56 	24    	3.09846	1.9893 	0.00012361 	5.91495
57 	24    	3.09846	1.9893 	0.00012361 	5.91495
58 	24    	3.09844	1.98941	0.00012361 	5.91532
59 	24    	3.09844	1.98941	0.00012361 	5.91532
60 	24    	3.09844	1.98941	0.00012361 	5.91532
61 	24    	3.09844	1.98941	0.00012361 	5.91532
62 	24    	3.09841	1.98928	0.00012361 	5.91532
63 	24    	3.09835	1.98901	0.00012361 	5.91532
64 	24    	3.09826	1.98958	0.00012361 	5.91532
65 	24    	3.0982 	1.98957	0.00012361 	5.91532
66 	24    	3.09819	1.98971	0.000107409	5.91495
67 	24    	3.09819	1.98971	0.000107409	5.91495
68 	24    	3.09818	1.98969	0.000107409	5.91495
69 	24    	3.09818	1.98969	0.000107409	5.91495
70 	24    	3.09818	1.98969	0.000107409	5.91495
71 	24    	3.09817	1.99263	0.000107409	6.55446
72 	24    	3.09816	1.9926 	0.00012361 	6.55446
73 	24    	3.09815	1.99282	0.00012361 	6.56447
74 	24    	3.09815	1.98973	0.00012361 	5.91495
75 	24    	3.09815	1.98973	0.00012361 	5.91495
76 	24    	3.09748	1.98787	0.00012361 	5.91495
77 	24    	3.09614	1.98442	0.00012361 	5.91495
78 	24    	3.09351	1.97736	8.86304e-05	5.91495
79 	24    	3.08839	1.95994	8.86304e-05	5.9407 
80 	24    	3.08253	1.94461	8.86304e-05	5.91732
81 	24    	3.08141	1.94288	8.86304e-05	5.91732
82 	24    	3.08078	1.93936	8.86304e-05	5.91562
83 	24    	3.0804 	1.93884	0.00010683 	5.91562
84 	24    	3.0803 	1.93877	0.00010683 	5.91684
85 	24    	3.08022	1.93897	4.16521e-05	5.91684
86 	24    	3.08012	1.93726	3.81175e-05	5.91684
87 	24    	3.08002	1.93723	3.81175e-05	5.91684
88 	24    	3.07997	1.93711	3.81175e-05	5.91684
89 	24    	3.07987	1.93532	6.92574e-05	5.91684
90 	24    	3.07977	1.93419	6.92574e-05	5.91684
91 	24    	3.07976	1.93422	6.92574e-05	5.91684
92 	24    	3.07976	1.93422	6.92574e-05	5.91684
93 	24    	3.07965	1.93425	6.92574e-05	5.91684
94 	24    	3.0795 	1.93452	6.92574e-05	5.91684
95 	24    	3.07922	1.93728	4.55286e-05	5.91684
96 	24    	3.07917	1.93871	4.55286e-05	5.91684
97 	24    	3.07913	1.93865	4.55286e-05	5.91568
98 	24    	3.07911	1.93868	4.55286e-05	5.91568
99 	24    	3.07911	1.94006	4.55286e-05	5.91568
100	24    	3.07909	1.94018	4.55286e-05	5.91527
101	24    	3.07905	1.9402 	4.55286e-05	5.91527
102	24    	3.07903	1.94032	4.55286e-05	5.91527
103	24    	3.07903	1.94032	4.55286e-05	5.91527
104	24    	3.07903	1.94032	4.55286e-05	5.91527
105	24    	3.07903	1.94032	4.55286e-05	5.91527
106	24    	3.079  	1.94033	3.636e-05  	5.91527
107	24    	3.07899	1.94037	3.636e-05  	5.91415
108	24    	3.07893	1.93896	3.636e-05  	5.91415
109	24    	3.07878	1.9403 	3.636e-05  	5.98879
110	24    	3.07876	1.94034	3.636e-05  	5.98879
111	24    	3.07847	1.94044	3.636e-05  	6.03721
112	24    	3.07826	1.9403 	3.636e-05  	6.03721
113	24    	3.07747	1.94032	3.636e-05  	6.03721
114	24    	3.07666	1.94219	4.55286e-05	6.03721
115	24    	3.07562	1.94312	4.55286e-05	6.03721
116	24    	3.07363	1.94577	8.02206e-05	6.03721
117	24    	3.07297	1.9458 	8.57132e-05	6.05897
118	24    	3.07265	1.94526	8.57132e-05	6.05897
119	24    	3.0722 	1.9452 	9.97243e-05	6.03721
120	24    	3.07215	1.94507	9.97243e-05	6.03721
--- 7653.82234954834 seconds ---
ran GA
