preds
ARNT
['TF', 'TFRC', 'SLC2A1']
preds
EP300
['TF', 'EIF4E', 'PDK1']
preds
HIF1A
['VHL', 'NOS3', 'BCL2']
gen	nevals	avg    	std    	min      	max    
0  	24    	8.75197	5.85367	0.0783726	23.5234
1  	24    	6.82075	4.57684	0.0783726	20.7127
2  	24    	6.04064	4.00389	0.0783726	20.7127
3  	24    	5.63329	3.46572	0.0783726	20.7127
4  	24    	5.29385	2.94438	0.0783726	20.565 
5  	24    	5.07766	2.6449 	0.0783726	18.1595
6  	24    	4.98172	2.38741	0.0804909	18.1595
7  	24    	4.92795	2.33643	0.0804909	11.8951
8  	24    	4.88883	2.3317 	0.342758 	11.8951
9  	24    	4.83498	2.40273	0.275284 	11.8951
10 	24    	4.79799	2.33182	0.275284 	11.8932
11 	24    	4.75787	2.2472 	0.275284 	11.8932
12 	24    	4.71812	2.40188	0.275284 	11.8933
13 	24    	4.66161	2.49544	0.590955 	11.8933
14 	24    	4.61381	2.39522	0.441385 	11.8933
15 	24    	4.55099	2.34016	0.400676 	11.8928
16 	24    	4.5308 	2.35643	0.399716 	11.8928
17 	24    	4.51261	2.39489	0.399716 	11.893 
18 	24    	4.48168	2.46129	0.399993 	11.8936
19 	24    	4.47201	2.47064	0.399456 	11.893 
20 	24    	4.46501	2.4737 	0.399456 	11.893 
21 	24    	4.46368	2.46932	0.399256 	11.8931
22 	24    	4.46006	2.45627	0.399256 	11.8932
23 	24    	4.45205	2.4256 	0.398828 	11.8929
24 	24    	4.43946	2.37654	0.398828 	9.69883
25 	24    	4.43927	2.37649	0.398904 	9.69952
26 	24    	4.43915	2.3765 	0.398904 	9.70031
27 	24    	4.43911	2.37651	0.398613 	9.70118
28 	24    	4.43907	2.37651	0.398613 	9.70031
29 	24    	4.43906	2.3765 	0.398613 	9.70031
30 	24    	4.43903	2.3765 	0.398613 	9.70031
31 	24    	4.43899	2.37648	0.398575 	9.70031
32 	24    	4.43899	2.37646	0.398575 	9.70031
33 	24    	4.43897	2.37646	0.398575 	9.70031
34 	24    	4.43087	2.36512	0.398575 	9.70031
35 	24    	4.42281	2.35371	0.398575 	9.70031
36 	24    	4.41476	2.34224	0.398575 	9.70031
37 	24    	4.39054	2.30729	0.398613 	9.70031
38 	24    	4.33757	2.2237 	0.398613 	9.7003 
39 	24    	4.25107	2.08911	0.353498 	10.4594
40 	24    	4.2455 	2.07948	0.398445 	8.18652
41 	24    	4.24537	2.07937	0.398445 	8.18652
42 	24    	4.24458	2.07976	0.398445 	8.18252
43 	24    	4.2439 	2.0803 	0.398445 	8.18499
44 	24    	4.24257	2.08139	0.398445 	8.18499
45 	24    	4.24128	2.08249	0.398445 	8.18499
46 	24    	4.2381 	2.08525	0.398057 	8.18499
47 	24    	4.23152	2.09175	0.395191 	8.24195
48 	24    	4.22237	2.08168	0.398831 	8.18429
49 	24    	4.20766	2.05997	0.398831 	8.18347
50 	24    	4.15622	1.98121	0.398831 	8.18065
51 	24    	4.09767	1.88576	0.398831 	8.18065
52 	24    	4.05358	1.80956	0.662225 	6.61767
53 	24    	4.05339	1.80945	0.662225 	6.61545
54 	24    	4.05329	1.80944	0.662225 	6.61529
55 	24    	4.05321	1.80939	0.662225 	6.61491
56 	24    	4.05319	1.80939	0.662225 	6.61491
57 	24    	4.05313	1.80937	0.662225 	6.61465
58 	24    	4.0531 	1.80935	0.662225 	6.6144 
59 	24    	4.05306	1.80935	0.662225 	6.61409
60 	24    	4.05304	1.80937	0.662225 	6.61516
61 	24    	4.05303	1.80932	0.662225 	6.61382
62 	24    	4.05302	1.80932	0.662225 	6.61382
63 	24    	4.05302	1.80932	0.662225 	6.61382
64 	24    	4.05302	1.80932	0.662225 	6.61382
65 	24    	4.0525 	1.80861	0.662225 	6.61495
66 	24    	4.05198	1.80789	0.662225 	6.61495
67 	24    	4.05198	1.80789	0.662225 	6.61495
68 	24    	4.05148	1.8072 	0.662225 	6.61615
69 	24    	4.05044	1.80576	0.662225 	6.61615
70 	24    	4.04992	1.80504	0.662225 	6.61615
71 	24    	4.04758	1.80226	0.644805 	6.61703
72 	24    	4.045  	1.79867	0.644805 	6.61703
73 	24    	4.03531	1.80877	0.662225 	10.5556
74 	24    	4.02776	1.84421	0.662225 	10.5694
75 	24    	4.02137	1.90077	0.662225 	10.5886
76 	24    	4.0076 	1.98868	0.662225 	10.5918
77 	24    	3.97823	2.11801	0.448628 	10.5918
78 	24    	3.96232	2.03611	0.448628 	10.5697
79 	24    	3.91552	1.88446	0.448268 	10.538 
80 	24    	3.8832 	1.94053	0.448268 	8.52407
81 	24    	3.84369	2.06646	0.445286 	8.54368
82 	24    	3.83508	2.14432	0.445286 	8.52167
83 	24    	3.83448	2.14468	0.447882 	8.52167
84 	24    	3.83054	2.12748	0.447784 	8.51771
85 	24    	3.81946	2.07665	0.447882 	8.51055
86 	24    	3.80166	1.98885	0.448537 	8.50257
87 	24    	3.79635	1.96166	0.446406 	7.13514
88 	24    	3.79589	1.96219	0.446143 	7.13514
89 	24    	3.79579	1.96256	0.446143 	7.13514
90 	24    	3.79564	1.9625 	0.446143 	7.13514
91 	24    	3.79546	1.96248	0.446143 	7.13514
92 	24    	3.79545	1.96236	0.446143 	7.13514
93 	24    	3.79542	1.96275	0.446143 	7.13514
94 	24    	3.79528	1.96229	0.446143 	7.13514
95 	24    	3.79526	1.96238	0.446143 	7.13514
96 	24    	3.79526	1.96231	0.446143 	7.13514
97 	24    	3.79521	1.9625 	0.446143 	7.13514
98 	24    	3.79505	1.96257	0.446143 	7.13514
99 	24    	3.79505	1.96257	0.446143 	7.13514
100	24    	3.79504	1.96264	0.446143 	7.13514
101	24    	3.79504	1.96264	0.446143 	7.13514
102	24    	3.79504	1.96264	0.446143 	7.13514
103	24    	3.79504	1.96264	0.446143 	7.13514
104	24    	3.79503	1.96254	0.446143 	7.13514
105	24    	3.79496	1.96282	0.447164 	7.13514
106	24    	3.7948 	1.95572	0.447164 	7.13894
107	24    	3.79472	1.94895	0.447164 	7.13894
108	24    	3.79454	1.93454	0.447164 	7.13894
109	24    	3.7942 	1.91868	0.447164 	7.13894
110	24    	3.7939 	1.90421	0.44813  	7.13894
111	24    	3.79363	1.88977	0.44813  	7.14004
112	24    	3.79297	1.84471	0.44959  	7.15005
113	24    	3.79256	1.81365	0.451859 	7.15005
114	24    	3.79159	1.78105	0.633184 	7.15005
115	24    	3.78967	1.77479	0.632162 	7.15005
116	24    	3.78878	1.7698 	0.632162 	7.15005
117	24    	3.78813	1.7653 	0.632162 	7.15005
118	24    	3.78742	1.75738	0.632162 	7.14337
119	24    	3.78696	1.75135	0.633761 	7.14088
120	24    	3.78664	1.75026	0.644448 	7.13064
--- 5833.0340230464935 seconds ---
ran GA
