preds
F11R
['CDC42', 'RAC2', 'ICAM1']
preds
ITGAL
['CTNNB1', 'RASSF5', 'PTK2B']
preds
RHOA
['RAC1', 'RAC2', 'F11R']
preds
JAM3
['PTK2B', 'CDC42', 'CXCR4']
preds
RAC1
['RHOA', 'CDC42', 'RAC2']
preds
RAC2
['RHOA', 'RAC1', 'F11R']
preds
RASSF5
['PTK2B', 'ITGA4', 'ITGAL']
preds
PTK2B
['ITGA4', 'NCF1', 'JAM3']
preds
CXCR4
['CDC42', 'RHOA', 'RAC2']
preds
ICAM1
['F11R', 'PTK2', 'CXCR4']
preds
CDC42
['RAC1', 'F11R', 'CXCR4']
gen	nevals	avg    	std    	min        	max    
0  	24    	8.34868	5.44913	6.90723e-05	20.1086
1  	24    	7.35687	4.99191	3.45497e-05	20.1086
2  	24    	6.62487	4.65623	3.45497e-05	19.1078
3  	24    	6.1544 	4.36732	3.45497e-05	19.1078
4  	24    	5.80703	3.95234	8.06601e-05	19.1078
5  	24    	5.50358	3.53358	2.63846e-05	19.1078
6  	24    	5.16156	3.29598	9.27984e-05	18.9254
7  	24    	4.9298 	3.0438 	0.000121157	18.1046
8  	24    	4.76509	2.94626	2.3462e-05 	18.1159
9  	24    	4.63184	2.66529	2.3462e-05 	12.0854
10 	24    	4.56076	2.59958	2.3462e-05 	13.0589
11 	24    	4.45035	2.52495	2.3462e-05 	12.1058
12 	24    	4.33821	2.5138 	2.3462e-05 	12.1461
13 	24    	4.20316	2.34171	2.3462e-05 	11.9987
14 	24    	4.05223	2.06558	2.3462e-05 	10.493 
15 	24    	3.98333	2.02903	5.01305e-05	9.38924
16 	24    	3.91594	2.04773	5.01305e-05	9.38924
17 	24    	3.85844	1.96488	5.01305e-05	9.38924
18 	24    	3.79206	1.79513	2.90291e-05	9.38924
19 	24    	3.74699	1.71241	2.90291e-05	8.58349
20 	24    	3.66255	1.76481	2.90291e-05	8.60103
21 	24    	3.64128	1.75816	2.90291e-05	8.60103
22 	24    	3.62645	1.76388	2.90291e-05	8.59935
23 	24    	3.62315	1.76633	6.13471e-05	8.60226
24 	24    	3.61917	1.76454	6.13471e-05	8.60226
25 	24    	3.61519	1.76259	6.13471e-05	8.60226
26 	24    	3.60482	1.75431	6.13471e-05	8.59152
27 	24    	3.6007 	1.7498 	8.87298e-05	8.58192
28 	24    	3.59762	1.74535	0.000121483	8.58192
29 	24    	3.59525	1.74206	0.000121483	8.58038
30 	24    	3.58517	1.7213 	0.000122364	8.57441
31 	24    	3.57542	1.70034	0.000122364	8.57441
32 	24    	3.55217	1.65493	9.97529e-05	8.10491
33 	24    	3.55037	1.65556	9.34509e-05	8.09729
34 	24    	3.55001	1.65509	9.34509e-05	8.09377
35 	24    	3.54957	1.65511	7.28697e-05	8.09377
36 	24    	3.54937	1.65489	7.28697e-05	8.09377
37 	24    	3.54913	1.65531	7.28697e-05	8.09377
38 	24    	3.54899	1.65533	7.28697e-05	8.09377
39 	24    	3.54886	1.65527	7.28697e-05	8.09377
40 	24    	3.54865	1.65519	7.28697e-05	8.07693
41 	24    	3.54858	1.65531	7.28697e-05	8.07693
42 	24    	3.54858	1.65531	7.28697e-05	8.07693
43 	24    	3.5484 	1.65548	7.28697e-05	8.07693
44 	24    	3.54826	1.65543	7.28697e-05	8.08994
45 	24    	3.54822	1.65584	7.28697e-05	8.08994
46 	24    	3.54803	1.65575	7.28697e-05	8.08994
47 	24    	3.54789	1.65511	7.28697e-05	8.08994
48 	24    	3.54789	1.65511	7.28697e-05	8.08994
49 	24    	3.54785	1.65526	7.28697e-05	8.08994
50 	24    	3.54428	1.65625	7.28697e-05	8.07444
51 	24    	3.54075	1.65773	7.28697e-05	8.07444
52 	24    	3.53725	1.65951	7.28697e-05	8.08159
53 	24    	3.53725	1.65936	7.28697e-05	8.08159
54 	24    	3.5337 	1.66055	7.28697e-05	8.08159
55 	24    	3.52307	1.6653 	7.28697e-05	8.09627
56 	24    	3.49425	1.67598	2.43507e-05	8.09627
57 	24    	3.46228	1.68932	2.43507e-05	8.09627
58 	24    	3.4613 	1.68816	2.43507e-05	8.07862
59 	24    	3.46054	1.68872	2.43507e-05	8.08221
60 	24    	3.46024	1.68943	2.43507e-05	8.08221
61 	24    	3.45964	1.68976	2.43507e-05	8.08221
62 	24    	3.45933	1.69003	2.43507e-05	8.10616
63 	24    	3.45673	1.68981	6.16621e-05	8.10616
64 	24    	3.45633	1.68919	6.16621e-05	8.10616
65 	24    	3.45611	1.68931	6.16621e-05	8.10616
66 	24    	3.45596	1.68938	6.16621e-05	8.10616
67 	24    	3.45112	1.68923	6.16621e-05	8.10616
68 	24    	3.44883	1.68847	6.16621e-05	8.08696
69 	24    	3.44422	1.68875	6.16621e-05	8.08696
70 	24    	3.43216	1.68054	0.000108917	8.09204
71 	24    	3.40215	1.6716 	6.54594e-05	8.09204
72 	24    	3.4006 	1.66316	6.54594e-05	8.09204
73 	24    	3.39931	1.64307	6.12109e-05	8.07666
74 	24    	3.39709	1.60347	6.54594e-05	8.07253
75 	24    	3.39446	1.55291	6.54594e-05	8.05174
76 	24    	3.39198	1.4901 	6.54594e-05	8.03441
77 	24    	3.38898	1.44794	4.38911e-05	6.36107
78 	24    	3.38819	1.44809	1.52995e-05	6.39908
79 	24    	3.38556	1.4448 	1.52995e-05	6.39908
80 	24    	3.38548	1.44481	1.52995e-05	6.39908
81 	24    	3.38518	1.44495	0.000109935	6.37602
82 	24    	3.38486	1.44422	0.000109935	6.36888
83 	24    	3.37995	1.43758	0.000109935	6.36888
84 	24    	3.37051	1.4234 	3.16255e-05	6.36888
85 	24    	3.36706	1.41969	3.16255e-05	6.36888
86 	24    	3.35399	1.40125	3.16255e-05	6.36888
87 	24    	3.32998	1.36169	3.16255e-05	5.93042
88 	24    	3.32942	1.36215	6.4536e-05 	5.93042
89 	24    	3.32878	1.36234	8.83515e-05	5.93042
90 	24    	3.3285 	1.36235	8.83515e-05	5.93042
91 	24    	3.32833	1.3623 	8.83515e-05	5.93042
92 	24    	3.32815	1.36226	8.70171e-05	5.93042
93 	24    	3.3279 	1.36365	8.70171e-05	6.26162
94 	24    	3.32783	1.36365	8.70171e-05	6.26162
95 	24    	3.32763	1.36497	8.70171e-05	6.2646 
96 	24    	3.32736	1.36631	8.70171e-05	6.2646 
97 	24    	3.32662	1.36953	7.69757e-05	6.2646 
98 	24    	3.32517	1.3734 	7.69757e-05	6.26718
99 	24    	3.32307	1.38175	7.69757e-05	6.27071
100	24    	3.32174	1.38577	7.69757e-05	6.27071
101	24    	3.31961	1.38631	0.000116154	6.26718
102	24    	3.31672	1.38298	0.000116154	6.26445
103	24    	3.31448	1.3805 	5.07944e-05	5.9685 
104	24    	3.31389	1.38073	3.25942e-05	5.95886
105	24    	3.31348	1.38092	3.25942e-05	5.95886
106	24    	3.31333	1.38098	9.9222e-05 	5.95886
107	24    	3.31309	1.38138	0.000121009	5.95886
108	24    	3.31294	1.38147	5.53738e-05	5.96012
109	24    	3.31201	1.38225	5.53738e-05	5.95886
110	24    	3.3028 	1.39411	5.53738e-05	5.95886
111	24    	3.294  	1.4072 	5.53738e-05	6.5517 
112	24    	3.28399	1.41993	0.000104463	6.5517 
113	24    	3.26763	1.44148	0.000104463	6.5517 
114	24    	3.22827	1.49227	0.000114615	6.5517 
115	24    	3.18832	1.53915	6.65935e-05	6.5517 
116	24    	3.11851	1.61884	0.000114615	6.55477
117	24    	3.11236	1.61028	9.86878e-05	5.96047
118	24    	3.11187	1.6101 	0.000114615	5.96047
119	24    	3.11157	1.61016	0.000114615	5.96047
120	24    	3.11145	1.60989	0.000114615	5.95564
--- 7362.327181339264 seconds ---
ran GA
