slurmstepd: error: task/cgroup: unable to add task[pid=36337] to memory cg '(null)'
preds
RHEB
['BAD', 'CD19', 'TSC1']
preds
TSC2
['PIK3AP1', 'BCL2', 'PTEN']
preds
TSC1
['PTEN', 'THEM4', 'MYB']
preds
PDPK1
['IRS1', 'CRTC2', 'RAC1']
preds
PTEN
['BCL2', 'GSK3B', 'MYB']
preds
IRS1
['PDPK1', 'CRTC2', 'BCL2L1']
preds
GSK3B
['PTEN', 'BCL2', 'NR4A1']
preds
CDKN1B
['FOXO3', 'GSK3B', 'MCL1']
preds
FOXO3
['CDKN1B', 'G6PC', 'GSK3B']
preds
BAD
['BCL2L1', 'RHEB', 'PTK2']
preds
MDM2
['FOXO3', 'TSC2', 'CD19']
preds
BCL2L1
['IRS1', 'RAC1', 'PTK2']
preds
GRB2
['CDC37', 'CASP9', 'CRTC2']
preds
THEM4
['BCL2', 'PTEN', 'GSK3B']
preds
CDC37
['BCL2L1', 'GRB2', 'RAC1']
preds
NOS3
['NR4A1', 'CDKN1A', 'PIK3AP1']
preds
CRTC2
['IRS1', 'PTK2', 'PDPK1']
preds
CDKN1A
['PTEN', 'NOS3', 'FOXO3']
preds
CASP9
['GRB2', 'PDPK1', 'BRCA1']
preds
RAF1
['RAC1', 'GRB2', 'IRS1']
preds
CD19
['CDC37', 'GRB2', 'IRS1']
preds
PTK2
['STK11', 'BCL2L1', 'CRTC2']
preds
RAC1
['BCL2L1', 'IRS1', 'BRCA1']
preds
BRCA1
['RAC1', 'CDC37', 'CASP9']
preds
BCL2
['PTEN', 'THEM4', 'GSK3B']
preds
MCL1
['PTEN', 'CDKN1B', 'DDIT4']
preds
MYB
['PTEN', 'FOXO3', 'THEM4']
preds
PIK3AP1
['MYC', 'TSC2', 'MYB']
preds
NR4A1
['NOS3', 'GSK3B', 'BCL2']
gen	nevals	avg    	std    	min      	max    
0  	24    	8.93618	5.46876	0.0154086	24.3559
1  	24    	7.94113	5.01434	0.0318303	21.7352
2  	24    	7.25158	4.62562	0.0318303	21.651 
3  	24    	6.84141	4.32251	0.0318303	21.651 
4  	24    	6.56697	4.12018	0.0318303	21.651 
5  	24    	6.31861	3.91497	0.0334281	21.651 
6  	24    	6.05743	3.81144	0.0334281	21.651 
7  	24    	5.92605	3.67851	0.0258622	21.4797
8  	24    	5.82471	3.57302	0.0316457	21.7352
9  	24    	5.71055	3.52911	0.0316457	21.7352
10 	24    	5.60601	3.38974	0.0316457	21.7352
11 	24    	5.53872	3.30686	0.0316457	21.7352
12 	24    	5.49265	3.24352	0.0340857	21.7352
13 	24    	5.4792 	3.19136	0.0340857	21.7352
14 	24    	5.42971	3.18493	0.0342546	21.7352
15 	24    	5.38462	3.17392	0.000615884	21.7352
16 	24    	5.32044	3.1228 	0.000615884	21.7352
17 	24    	5.28807	3.13642	0.000615884	21.7352
18 	24    	5.2229 	3.0184 	0.000615884	21.7352
19 	24    	5.1875 	2.936  	0.000615884	19.2811
20 	24    	5.15715	2.89227	0.000615884	19.2811
21 	24    	5.10627	2.89242	0.00079274 	19.2811
22 	24    	5.05484	2.91912	0.00079274 	19.2811
23 	24    	5.03948	2.90803	0.00079274 	19.2811
24 	24    	5.00499	2.91158	0.542008   	15.2133
25 	24    	4.99611	2.85862	0.542425   	11.6532
26 	24    	4.99436	2.85572	0.544402   	11.6535
27 	24    	4.97778	2.84895	0.426859   	11.6448
28 	24    	4.9575 	2.83724	0.150273   	11.6565
29 	24    	4.93499	2.82989	0.150273   	11.6565
30 	24    	4.85597	2.78819	0.139369   	11.6879
31 	24    	4.81142	2.7058 	0.139369   	11.6449
32 	24    	4.79555	2.73896	0.138324   	11.6299
33 	24    	4.78985	2.74237	0.138324   	11.6299
34 	24    	4.76989	2.78207	0.137867   	11.6299
35 	24    	4.73814	2.79968	0.137867   	11.6299
36 	24    	4.6876 	2.74741	0.137867   	11.6769
37 	24    	4.65258	2.76487	0.138308   	11.6557
38 	24    	4.6239 	2.75105	0.137938   	11.6557
39 	24    	4.59733	2.70513	0.137629   	11.6557
40 	24    	4.58146	2.70337	0.136522   	11.6431
41 	24    	4.57212	2.69276	0.136522   	11.6431
42 	24    	4.57104	2.68211	0.13759    	11.6234
43 	24    	4.55878	2.65407	0.136629   	11.6576
44 	24    	4.54623	2.62589	0.136629   	11.6583
45 	24    	4.54336	2.62521	0.137337   	11.6583
46 	24    	4.5391 	2.59868	0.137909   	11.6583
47 	24    	4.53642	2.59343	0.138632   	11.6583
48 	24    	4.52115	2.6011 	0.137397   	11.6387
49 	24    	4.492  	2.59614	0.137482   	11.6557
50 	24    	4.4665 	2.59334	0.137482   	11.6557
51 	24    	4.40081	2.53939	0.138075   	11.6557
52 	24    	4.36994	2.54271	0.137953   	11.6294
53 	24    	4.35998	2.55215	0.137953   	11.6671
54 	24    	4.33656	2.59656	0.136624   	11.6671
55 	24    	4.29398	2.59926	0.136624   	11.6671
56 	24    	4.19969	2.54996	0.137203   	11.628 
57 	24    	4.141  	2.55321	0.137145   	11.6355
58 	24    	4.13505	2.54395	0.0470923  	11.6325
59 	24    	4.12471	2.5354 	0.0470923  	11.6293
60 	24    	4.11124	2.51557	0.0430302  	11.6293
61 	24    	4.0904 	2.48958	0.041475   	11.629 
62 	24    	4.07166	2.47219	0.041475   	11.6252
63 	24    	4.03597	2.44248	0.0392053  	11.6341
64 	24    	4.00313	2.43941	0.0392053  	11.6341
65 	24    	3.96229	2.47759	0.0418278  	11.6253
66 	24    	3.94416	2.44931	0.039723   	11.6353
67 	24    	3.92088	2.40759	0.039723   	11.6082
68 	24    	3.88843	2.3618 	0.039598   	11.6347
69 	24    	3.85792	2.35475	0.0394867  	11.6347
70 	24    	3.82542	2.33253	0.040926   	11.6347
71 	24    	3.7918 	2.27499	0.040926   	11.6082
72 	24    	3.75568	2.24039	0.0419867  	11.6243
73 	24    	3.7218 	2.2244 	0.0382488  	11.6414
74 	24    	3.70677	2.27578	0.0397984  	11.6414
75 	24    	3.69581	2.26916	0.0393847  	11.6298
76 	24    	3.67043	2.24294	0.0393847  	11.6298
77 	24    	3.63871	2.23125	0.0393847  	11.6298
78 	24    	3.60052	2.23451	0.0411957  	11.6189
79 	24    	3.54871	2.20701	0.0396776  	11.6239
80 	24    	3.52276	2.24982	0.137399   	11.6376
81 	24    	3.52008	2.24213	0.137399   	11.6498
82 	24    	3.51559	2.23821	0.136909   	11.6498
83 	24    	3.51249	2.22921	0.136909   	11.6376
84 	24    	3.50222	2.21633	0.136909   	11.6376
85 	24    	3.48786	2.20641	0.137373   	11.6376
86 	24    	3.48124	2.20775	0.137228   	11.6376
87 	24    	3.47454	2.20406	0.137228   	11.6376
88 	24    	3.46558	2.19075	0.137228   	11.6376
89 	24    	3.44673	2.19701	0.136687   	11.6299
90 	24    	3.43481	2.19802	0.136687   	11.6268
91 	24    	3.43454	2.19758	0.136687   	11.6268
92 	24    	3.43034	2.17369	0.136687   	11.6268
93 	24    	3.42535	2.17079	0.136687   	11.6179
94 	24    	3.42006	2.16282	0.136687   	11.6179
95 	24    	3.39426	2.12223	0.136687   	11.6073
96 	24    	3.36211	2.08968	0.136051   	11.5982
97 	24    	3.33078	2.08705	0.136051   	11.6074
98 	24    	3.31703	2.101  	0.136439   	11.6094
99 	24    	3.31505	2.09272	0.136439   	11.6094
100	24    	3.31228	2.04496	0.136439   	11.6074
101	24    	3.30889	2.04089	0.136439   	11.5991
102	24    	3.30499	2.06075	0.136346   	11.6014
103	24    	3.3017 	2.06815	0.136346   	11.6119
104	24    	3.29234	2.11541	0.136439   	11.618 
105	24    	3.28013	2.16719	0.136719   	11.618 
106	24    	3.26918	2.18251	0.137799   	11.6166
107	24    	3.26105	2.18165	0.138612   	11.6226
108	24    	3.25672	2.18152	0.138612   	11.6339
109	24    	3.25605	2.17983	0.138612   	11.6114
110	24    	3.25525	2.17976	0.138612   	11.6114
111	24    	3.25487	2.18154	0.138658   	11.6114
112	24    	3.25449	2.18305	0.139066   	11.6114
113	24    	3.25447	2.18262	0.139066   	11.6114
114	24    	3.25431	2.18217	0.139066   	11.6114
115	24    	3.25412	2.1822 	0.139066   	11.6114
116	24    	3.25379	2.18315	0.139066   	11.6114
117	24    	3.25347	2.18405	0.139066   	11.6114
118	24    	3.25246	2.18694	0.138942   	11.6114
119	24    	3.24969	2.19115	0.138942   	11.6224
120	24    	3.24768	2.19953	0.139264   	11.6341
--- 19371.884291410446 seconds ---
ran GA
