preds
ITGB1
['PTPRC', 'ITGB7', 'SELL']
preds
ITGAL
['ICAM2', 'ITGA4', 'JAM3']
preds
CD226
['JAM3', 'SELPLG', 'ITGA4']
preds
ITGA4
['CD28', 'ITGAL', 'JAM3']
preds
ICAM1
['ICAM3', 'F11R', 'ICAM2']
preds
JAM3
['ITGA4', 'ITGAL', 'CD226']
preds
F11R
['ICAM3', 'ICAM1', 'ITGAL']
gen	nevals	avg    	std    	min        	max    
0  	24    	4.93935	6.21478	0.000100472	23.0471
1  	24    	4.20222	5.43149	0.000100472	23.0471
2  	24    	3.70796	4.79773	3.41052e-05	23.0471
3  	24    	3.36238	4.42341	0.000122356	21.8078
4  	24    	3.05691	3.82281	0.000122356	19.9247
5  	24    	2.81306	3.39741	0.000110759	19.1078
6  	24    	2.74068	3.22718	0.000110759	19.1078
7  	24    	2.66051	3.04793	7.32749e-05	18.137 
8  	24    	2.56571	2.79583	7.32749e-05	18.137 
9  	24    	2.45163	2.65414	7.32749e-05	18.0484
10 	24    	2.36201	2.52289	7.32749e-05	10.0937
11 	24    	2.33019	2.46184	8.01566e-05	11.1252
12 	24    	2.3021 	2.40684	8.01566e-05	11.1252
13 	24    	2.28311	2.36149	7.89644e-05	8.81969
14 	24    	2.26534	2.36031	2.52311e-05	8.82763
15 	24    	2.26078	2.38008	7.89644e-05	9.09908
16 	24    	2.25587	2.38354	0.000123329	9.1244 
17 	24    	2.23931	2.37095	0.000109641	9.1244 
18 	24    	2.22613	2.35871	9.51296e-05	8.84643
19 	24    	2.21685	2.34223	0.000117197	8.84643
20 	24    	2.194  	2.2973 	6.45287e-05	8.84643
21 	24    	2.16144	2.23372	0.000133429	8.61921
22 	24    	2.1535 	2.22222	0.000125523	7.74581
23 	24    	2.15122	2.21806	7.63041e-05	7.70809
24 	24    	2.14661	2.20873	0.000111759	7.71092
25 	24    	2.13997	2.19487	0.000111759	6.81655
26 	24    	2.13921	2.19447	5.15903e-05	6.79922
27 	24    	2.13884	2.19407	0.000141589	6.79905
28 	24    	2.13878	2.19415	0.000137378	6.79905
29 	24    	2.1385 	2.19421	0.000137378	6.79905
30 	24    	2.1385 	2.19428	0.000137378	6.79905
31 	24    	2.13839	2.1941 	0.000137378	6.79905
32 	24    	2.13834	2.19383	0.000141589	6.79905
33 	24    	2.13829	2.19398	0.000141589	6.79905
34 	24    	2.13826	2.1942 	0.00015984 	6.79905
35 	24    	2.13823	2.19414	0.00015984 	6.79905
36 	24    	2.13809	2.19363	0.00013989 	6.79905
37 	24    	2.13809	2.19363	0.00013989 	6.79905
38 	24    	2.13808	2.19367	0.00013989 	6.79346
39 	24    	2.13806	2.1939 	0.000174787	6.79346
40 	24    	2.13799	2.19388	0.000174787	6.79346
41 	24    	2.13797	2.19394	0.000174787	6.79346
42 	24    	2.1375 	2.19359	0.000135141	6.79341
43 	24    	2.13707	2.1936 	0.000135141	6.79341
44 	24    	2.13493	2.19295	0.000135141	6.79278
45 	24    	2.1321 	2.19254	0.000135141	6.79185
46 	24    	2.12793	2.19203	0.000135141	6.66917
47 	24    	2.12525	2.18787	3.26089e-05	6.65533
48 	24    	2.12059	2.18043	9.55764e-05	6.65533
49 	24    	2.11373	2.1691 	4.43986e-05	6.65533
50 	24    	2.09979	2.14601	4.43986e-05	6.65533
51 	24    	2.08319	2.12484	0.000126452	9.91421
52 	24    	2.0719 	2.09905	0.000102693	6.64313
53 	24    	2.07162	2.09889	6.75326e-05	6.64313
54 	24    	2.07146	2.09862	6.75326e-05	6.64195
55 	24    	2.07131	2.09869	6.75326e-05	6.64241
56 	24    	2.07115	2.09841	6.75326e-05	6.64241
57 	24    	2.071  	2.09838	6.75326e-05	6.64532
58 	24    	2.07097	2.0983 	6.75326e-05	6.64532
59 	24    	2.07077	2.0981 	9.57658e-05	6.64241
60 	24    	2.07072	2.09803	9.57658e-05	6.64241
61 	24    	2.06828	2.09204	9.57658e-05	6.64241
62 	24    	2.066  	2.08638	9.57658e-05	6.64241
63 	24    	2.06156	2.07474	0.000169813	6.64241
64 	24    	2.05926	2.06893	0.000169813	6.64241
65 	24    	2.04537	2.03292	0.000107148	6.63307
66 	24    	2.02303	1.97196	0.000107148	6.61906
67 	24    	2.01509	1.95127	5.77248e-05	5.39786
68 	24    	2.01464	1.95077	5.77248e-05	5.39786
69 	24    	2.01308	1.94991	5.77248e-05	5.64718
70 	24    	2.01014	1.94822	0.000169813	5.64718
71 	24    	2.00212	1.94459	0.000130989	5.68173
72 	24    	1.99262	1.93986	0.000130989	5.68173
73 	24    	1.98141	1.9334 	0.000130989	5.66237
74 	24    	1.98055	1.9314 	0.000100155	5.65942
75 	24    	1.98019	1.93081	0.000159033	5.63737
76 	24    	1.97984	1.93028	0.000185294	5.63737
77 	24    	1.97967	1.93006	0.000171878	5.63737
78 	24    	1.97958	1.92988	0.000171878	5.61438
79 	24    	1.97948	1.92972	0.000100347	5.61438
80 	24    	1.97938	1.92936	0.000100347	5.60899
81 	24    	1.97933	1.9293 	0.000100347	5.62833
82 	24    	1.97918	1.92903	0.000100347	5.62833
83 	24    	1.97912	1.92899	0.000100347	5.62833
84 	24    	1.97912	1.92899	0.000100347	5.62833
85 	24    	1.97887	1.92751	0.000100347	5.62833
86 	24    	1.97859	1.92609	0.000100347	5.61721
87 	24    	1.97838	1.92471	0.000100347	5.63797
88 	24    	1.97797	1.92042	0.000100347	5.63889
89 	24    	1.97731	1.91788	0.000100347	5.63889
90 	24    	1.97592	1.90902	0.000100347	5.63889
91 	24    	1.97481	1.90087	0.000100347	5.64626
92 	24    	1.97347	1.89429	0.00013504 	5.64626
93 	24    	1.97307	1.89345	0.00013504 	5.64384
94 	24    	1.97278	1.89287	6.49645e-05	5.63221
95 	24    	1.97239	1.89186	6.49645e-05	5.63221
96 	24    	1.97197	1.89072	5.77776e-05	5.61678
97 	24    	1.97192	1.89077	5.77776e-05	5.60622
98 	24    	1.97189	1.89068	5.77776e-05	5.60622
99 	24    	1.97151	1.88953	5.77776e-05	5.60622
100	24    	1.97043	1.88735	5.77776e-05	5.61913
101	24    	1.96941	1.88453	5.77776e-05	5.58661
102	24    	1.96694	1.87844	5.77776e-05	5.57366
103	24    	1.96478	1.87602	0.000214331	5.57366
104	24    	1.96412	1.87809	0.000147225	5.57366
105	24    	1.9633 	1.88058	0.00016522 	5.55294
106	24    	1.96251	1.88276	0.00016522 	5.52105
107	24    	1.96173	1.88466	7.03015e-05	5.52105
108	24    	1.96146	1.88417	7.03015e-05	5.51615
109	24    	1.96078	1.88466	0.000165411	6.33055
110	24    	1.95928	1.8829 	8.69406e-05	6.33055
111	24    	1.95803	1.8799 	8.69406e-05	5.39713
112	24    	1.95738	1.87897	8.69406e-05	5.39713
113	24    	1.9567 	1.87772	0.000168872	5.3963 
114	24    	1.95657	1.87739	0.000160738	5.3963 
115	24    	1.9562 	1.87659	0.000160738	5.3963 
116	24    	1.95611	1.87622	0.000114589	5.39536
117	24    	1.95582	1.87573	0.000114589	5.39584
118	24    	1.95572	1.87547	0.000114589	5.39584
119	24    	1.95571	1.87532	0.000114589	5.39584
120	24    	1.95555	1.87483	0.000114589	5.39584
--- 7997.381064414978 seconds ---
ran GA
