preds
RHEB
['BRCA1', 'PIK3AP1', 'FOXO3']
preds
TSC2
['MCL1', 'PIK3AP1', 'GSK3B']
preds
TSC1
['PIK3AP1', 'PTEN', 'MDM2']
preds
PDPK1
['IRS1', 'CRTC2', 'RAC1']
preds
PTEN
['MDM2', 'BCL2', 'GSK3B']
preds
IRS1
['PDPK1', 'PTK2', 'BCL2L1']
preds
GSK3B
['PTEN', 'NOS3', 'CDKN1B']
preds
CDKN1B
['THEM4', 'FOXO3', 'PTEN']
preds
FOXO3
['THEM4', 'CDKN1B', 'GSK3B']
preds
BAD
['PDPK1', 'CRTC2', 'RAC1']
preds
MDM2
['PTEN', 'CDKN1B', 'EIF4B']
preds
BCL2L1
['IRS1', 'RAC1', 'PTK2']
preds
GRB2
['CDC37', 'BCL2L1', 'CASP9']
preds
THEM4
['DDIT4', 'CDKN1B', 'FOXO3']
preds
CDC37
['CASP9', 'GRB2', 'RAC1']
preds
NOS3
['GSK3B', 'NR4A1', 'PIK3AP1']
preds
CRTC2
['RAC1', 'PDPK1', 'BAD']
preds
CDKN1A
['THEM4', 'PTEN', 'FOXO3']
preds
CASP9
['CDC37', 'BCL2L1', 'GRB2']
preds
RAF1
['RAC1', 'CRTC2', 'CDC37']
preds
CD19
['CDC37', 'IRS1', 'CASP9']
preds
PTK2
['IRS1', 'EIF4EBP1', 'BCL2L1']
preds
RAC1
['BCL2L1', 'CRTC2', 'EIF4EBP1']
preds
BRCA1
['RHEB', 'CDC37', 'GRB2']
preds
BCL2
['PTEN', 'THEM4', 'PIK3AP1']
preds
MCL1
['TSC2', 'PTEN', 'MDM2']
preds
MYB
['PTEN', 'NR4A1', 'FOXO3']
preds
PIK3AP1
['TSC1', 'TSC2', 'MYB']
preds
NR4A1
['NOS3', 'MYB', 'PTEN']
gen	nevals	avg    	std    	min      	max    
0  	24    	8.87622	5.41442	0.0285697	21.7352
1  	24    	7.86184	5.01081	0.0285697	21.651 
2  	24    	7.13177	4.6132 	0.0320065	21.651 
3  	24    	6.72554	4.54011	0.0320065	21.6117
4  	24    	6.56069	4.26736	0.0320065	21.6117
5  	24    	6.49926	4.20056	0.0320065	19.9219
6  	24    	6.32704	4.14985	0.0320065	21.7295
7  	24    	6.13195	4.06218	0.030281 	21.7295
8  	24    	6.02219	4.00828	0.030281 	20.0776
9  	24    	5.92654	3.80463	0.0526187	18.003 
10 	24    	5.83999	3.60129	0.133738 	18.0032
11 	24    	5.73765	3.55913	0.133738 	16.3308
12 	24    	5.67842	3.31581	0.139824 	16.3036
13 	24    	5.55648	3.01597	0.148031 	16.2469
14 	24    	5.45436	2.94261	0.145888 	16.2469
15 	24    	5.36675	2.86915	0.137067 	16.2267
16 	24    	5.3191 	2.86389	0.137067 	16.0123
17 	24    	5.27596	2.93593	0.137067 	16.0123
18 	24    	5.23198	3.12356	0.137067 	16.0123
19 	24    	5.19065	3.15151	0.141286 	15.9639
20 	24    	5.14763	3.19066	0.142953 	15.9595
21 	24    	5.13944	3.37558	0.142672 	15.9678
22 	24    	5.13118	3.30941	0.142953 	15.9653
23 	24    	5.10326	3.06171	0.0559526	15.9656
24 	24    	5.07881	3.21389	0.0559526	15.9716
25 	24    	5.05864	3.14791	0.0559526	15.9897
26 	24    	5.04326	3.10342	0.0559526	15.9897
27 	24    	5.01965	3.28294	0.0559526	15.9897
28 	24    	4.99433	3.33887	0.0559526	15.9897
29 	24    	4.98516	3.28025	0.0559526	15.9897
30 	24    	4.95342	3.25247	0.0559526	15.9771
31 	24    	4.90048	3.2017 	0.0559526	15.9771
32 	24    	4.80787	3.4082 	0.0559526	16.0007
33 	24    	4.74656	3.21278	0.0558105	15.9973
34 	24    	4.69245	3.1141 	0.0554016	16.2258
35 	24    	4.66627	3.23381	0.0554433	15.9783
36 	24    	4.65248	3.15445	0.0554433	15.9588
37 	24    	4.61925	2.97025	0.0554433	16.0342
38 	24    	4.60584	2.90873	0.153375 	15.9778
39 	24    	4.59818	2.90317	0.153375 	15.9778
40 	24    	4.5933 	2.90367	0.153375 	15.9778
41 	24    	4.58792	2.90345	0.153375 	15.9778
42 	24    	4.57392	2.92276	0.153375 	15.9906
43 	24    	4.55149	2.96369	0.147868 	16.0089
44 	24    	4.53267	2.98296	0.147868 	16.0089
45 	24    	4.51209	2.90324	0.214037 	13.1748
46 	24    	4.49921	2.88322	0.214037 	13.1748
47 	24    	4.48619	2.86425	0.118216 	14.5396
48 	24    	4.48076	2.85592	0.214037 	13.1741
49 	24    	4.47077	2.84667	0.214483 	13.1735
50 	24    	4.45401	2.82539	0.214483 	13.1725
51 	24    	4.43678	2.82094	0.215113 	13.1607
52 	24    	4.41976	2.78898	0.214464 	13.1558
53 	24    	4.38823	2.77449	0.214464 	13.1518
54 	24    	4.36363	2.75692	0.215119 	13.1596
55 	24    	4.32111	2.71739	0.215452 	13.1722
56 	24    	4.28114	2.69512	0.215487 	13.1722
57 	24    	4.22592	2.57237	0.28014  	13.1615
58 	24    	4.18962	2.61465	0.28014  	13.1618
59 	24    	4.17022	2.62665	0.304472 	13.1618
60 	24    	4.13039	2.48711	0.304472 	13.1726
61 	24    	4.10287	2.36622	0.313174 	12.0524
62 	24    	4.09495	2.35333	0.321987 	12.0509
63 	24    	4.08556	2.35722	0.298108 	12.0509
64 	24    	4.06286	2.36592	0.298108 	12.0509
65 	24    	4.04015	2.36607	0.297034 	12.0813
66 	24    	4.0058 	2.35957	0.297561 	12.0408
67 	24    	4.00241	2.3582 	0.298725 	12.0095
68 	24    	3.9966 	2.35573	0.298725 	12.0095
69 	24    	3.98743	2.35389	0.29473  	11.9634
70 	24    	3.98274	2.35033	0.298042 	11.8284
71 	24    	3.98024	2.34799	0.295231 	11.7791
72 	24    	3.97962	2.34705	0.295231 	11.7791
73 	24    	3.97815	2.34634	0.295461 	11.7675
74 	24    	3.97413	2.34049	0.297302 	11.7658
75 	24    	3.97087	2.33684	0.297302 	11.821 
76 	24    	3.96212	2.32804	0.297122 	12.3103
77 	24    	3.95142	2.31595	0.294555 	11.8158
78 	24    	3.94862	2.31492	0.294555 	11.7622
79 	24    	3.94739	2.31429	0.297615 	11.7624
80 	24    	3.94554	2.31312	0.297615 	11.7624
81 	24    	3.94389	2.31196	0.298282 	11.7901
82 	24    	3.93935	2.30962	0.298282 	11.7901
83 	24    	3.93118	2.30531	0.298475 	11.7901
84 	24    	3.91934	2.29903	0.298548 	11.7966
85 	24    	3.90357	2.2889 	0.298548 	11.7922
86 	24    	3.88845	2.27672	0.306213 	11.7922
87 	24    	3.8777 	2.26816	0.305678 	11.7922
88 	24    	3.84662	2.24331	0.303892 	11.0953
89 	24    	3.83486	2.23695	0.303892 	11.0953
90 	24    	3.82457	2.23241	0.306738 	11.1165
91 	24    	3.82361	2.23098	0.311164 	11.109 
92 	24    	3.82284	2.22951	0.311164 	11.109 
93 	24    	3.82257	2.22854	0.313578 	11.0872
94 	24    	3.82229	2.22781	0.313578 	11.0872
95 	24    	3.82196	2.2277 	0.3138   	11.0872
96 	24    	3.82076	2.22793	0.3138   	11.0903
97 	24    	3.8207 	2.22759	0.3138   	11.0903
98 	24    	3.81913	2.22751	0.3138   	11.0903
99 	24    	3.81638	2.22912	0.3138   	11.1531
100	24    	3.81084	2.22953	0.3138   	11.1531
101	24    	3.79482	2.23036	0.3138   	11.1531
102	24    	3.77835	2.23215	0.314829 	11.0946
103	24    	3.76622	2.23766	0.314829 	11.1041
104	24    	3.75585	2.23871	0.314829 	11.1041
105	24    	3.72694	2.24851	0.313668 	11.5972
106	24    	3.69956	2.24728	0.3151   	11.1041
107	24    	3.67859	2.24554	0.335294 	11.1041
108	24    	3.65819	2.25222	0.33224  	11.1044
109	24    	3.6427 	2.25859	0.33224  	11.1044
110	24    	3.64235	2.25791	0.33224  	11.0862
111	24    	3.64196	2.25852	0.33224  	11.0862
112	24    	3.64166	2.25882	0.335225 	11.104 
113	24    	3.64037	2.26445	0.335225 	11.0665
114	24    	3.63492	2.27285	0.348133 	11.0707
115	24    	3.63364	2.27811	0.348133 	11.0707
116	24    	3.63144	2.28972	0.348133 	11.1024
117	24    	3.62921	2.30206	0.348133 	11.1024
118	24    	3.62417	2.33296	0.348133 	11.1024
119	24    	3.61189	2.3836 	0.2674   	11.116 
120	24    	3.60325	2.3861 	0.681206 	11.0905
--- 18750.450241088867 seconds ---
ran GA
