preds
RHEB
['PDPK1', 'MYC', 'MCL1']
preds
TSC2
['MCL1', 'PIK3AP1', 'FOXO3']
preds
TSC1
['MCL1', 'PIK3AP1', 'BCL2']
preds
PDPK1
['IRS1', 'CRTC2', 'RAC1']
preds
PTEN
['MDM2', 'BCL2', 'G6PC']
preds
IRS1
['PDPK1', 'CRTC2', 'BCL2L1']
preds
GSK3B
['MYB', 'MDM2', 'THEM4']
preds
CDKN1B
['THEM4', 'NR4A1', 'BCL2']
preds
FOXO3
['NOS3', 'PTEN', 'BCL2L11']
preds
BAD
['PDPK1', 'RAC1', 'IRS1']
preds
MDM2
['PTEN', 'GSK3B', 'NOS3']
preds
BCL2L1
['IRS1', 'RAC1', 'PTK2']
preds
GRB2
['CDC37', 'BCL2L1', 'PTK2']
preds
THEM4
['CDKN1B', 'NOS3', 'NR4A1']
preds
CDC37
['BCL2L1', 'GRB2', 'PTK2']
preds
NOS3
['THEM4', 'FOXO3', 'PTEN']
preds
CRTC2
['IRS1', 'RAC1', 'PTK2']
preds
CDKN1A
['PTEN', 'MCL1', 'CD19']
preds
CASP9
['IRS1', 'PDPK1', 'CRTC2']
preds
RAF1
['PTK2', 'CDC37', 'IRS1']
preds
CD19
['CDC37', 'BCL2L1', 'IRS1']
preds
PTK2
['BCL2L1', 'CRTC2', 'RAC1']
preds
RAC1
['BCL2L1', 'CRTC2', 'IRS1']
preds
BRCA1
['RAC1', 'PTK2', 'CDC37']
preds
BCL2
['PTEN', 'CDKN1B', 'TSC1']
preds
MCL1
['TSC1', 'TSC2', 'PIK3AP1']
preds
MYB
['GSK3B', 'EIF4B', 'TSC2']
preds
PIK3AP1
['TSC1', 'MCL1', 'TSC2']
preds
NR4A1
['CDKN1B', 'THEM4', 'PTEN']
gen	nevals	avg    	std    	min      	max    
0  	24    	8.31099	5.25445	0.0505483	21.7352
1  	24    	7.11395	4.57769	0.0505483	21.7352
2  	24    	6.31392	3.72933	0.0500061	24.1359
3  	24    	5.98469	3.70513	0.0189382	24.3744
4  	24    	5.74814	3.79601	0.0189382	24.3744
5  	24    	5.67626	3.75467	0.0580953	24.3786
6  	24    	5.49898	3.30959	0.0778784	19.1109
7  	24    	5.39239	3.31228	0.0746719	18.746 
8  	24    	5.28739	3.16697	0.077961 	19.1001
9  	24    	5.11691	3.00998	0.0776004	18.0029
10 	24    	4.9966 	3.00331	0.0761381	13.0473
11 	24    	4.93738	2.96115	0.0761381	13.0473
12 	24    	4.86193	2.85123	0.077612 	13.0473
13 	24    	4.84528	2.85014	0.077612 	13.0535
14 	24    	4.8362 	2.85121	0.077612 	13.0535
15 	24    	4.82049	2.90165	0.076999 	13.0535
16 	24    	4.76059	2.98018	0.076999 	13.0572
17 	24    	4.7237 	2.98903	0.076999 	13.0572
18 	24    	4.71288	3.10349	0.0698498	13.0595
19 	24    	4.69538	3.07353	0.0698498	13.0595
20 	24    	4.67391	2.96872	0.0754615	13.0576
21 	24    	4.65599	3.06622	0.0733864	13.0567
22 	24    	4.64626	3.00733	0.0733864	13.0598
23 	24    	4.63899	3.00801	0.0733864	13.0598
24 	24    	4.63643	3.00623	0.0733864	13.0598
25 	24    	4.62748	2.99534	0.0772365	13.0598
26 	24    	4.61801	2.99187	0.0756868	13.0598
27 	24    	4.60591	2.97985	0.0772365	13.0556
28 	24    	4.59415	2.97847	0.0714839	13.056 
29 	24    	4.59025	2.96502	0.0757774	13.0598
30 	24    	4.58334	2.93714	0.0757936	13.0598
31 	24    	4.57228	2.89562	0.0754789	13.0535
32 	24    	4.56608	2.89805	0.0754789	13.0589
33 	24    	4.5557 	2.83289	0.0753768	12.7113
34 	24    	4.55346	2.83232	0.0757936	12.7113
35 	24    	4.54558	2.83452	0.0757936	12.7113
36 	24    	4.53806	2.8395 	0.0749677	12.2572
37 	24    	4.52667	2.8259 	0.0749677	12.2554
38 	24    	4.50728	2.80395	0.0749677	12.2574
39 	24    	4.4911 	2.78533	0.0749677	12.2567
40 	24    	4.46177	2.75899	0.0714459	12.257 
41 	24    	4.41307	2.68474	0.0723707	12.257 
42 	24    	4.39093	2.64501	0.0723707	12.2593
43 	24    	4.36778	2.5908 	0.0723707	12.252 
44 	24    	4.34979	2.5495 	0.0771056	12.252 
45 	24    	4.32303	2.52016	0.0747658	12.252 
46 	24    	4.31998	2.492  	0.0760605	11.9715
47 	24    	4.31877	2.47868	0.0758093	11.9715
48 	24    	4.31746	2.45244	0.0761357	11.9715
49 	24    	4.3157 	2.41229	0.0741654	11.9707
50 	24    	4.31335	2.37155	0.0741654	11.9707
51 	24    	4.31098	2.31592	0.0741654	11.9707
52 	24    	4.30696	2.20096	0.0741654	11.9691
53 	24    	4.30537	2.18317	0.0735138	9.70012
54 	24    	4.30236	2.18123	0.074138 	9.69938
55 	24    	4.30005	2.17905	0.074138 	9.69938
56 	24    	4.29742	2.17683	0.0769381	9.69938
57 	24    	4.28827	2.16798	0.0769381	9.69887
58 	24    	4.27431	2.15534	0.0733643	9.69887
59 	24    	4.24984	2.12897	0.0733643	8.53265
60 	24    	4.24912	2.12868	0.0733643	8.53459
61 	24    	4.24864	2.12861	0.0735537	8.53529
62 	24    	4.24758	2.13033	0.0742046	8.53529
63 	24    	4.2454 	2.13523	0.0749946	8.66672
64 	24    	4.23834	2.13672	0.0764096	8.66672
65 	24    	4.23472	2.12852	0.077691 	8.66672
66 	24    	4.21427	2.11878	0.0751096	8.66672
67 	24    	4.1964 	2.10838	0.0751096	8.66959
68 	24    	4.16916	2.0412 	0.0753729	8.34335
69 	24    	4.13784	2.05715	0.0727197	8.1389 
70 	24    	4.13631	2.05185	0.0716686	8.1389 
71 	24    	4.13389	2.04694	0.0753729	8.1389 
72 	24    	4.12501	2.05872	0.0765517	9.41089
73 	24    	4.11766	2.0583 	0.073894 	9.41089
74 	24    	4.11062	2.09343	0.0716585	9.41089
75 	24    	4.10856	2.09764	0.0716585	9.41089
76 	24    	4.10334	2.12991	0.0716585	9.41089
77 	24    	4.10148	2.13827	0.0716585	9.41089
78 	24    	4.09065	2.20284	0.0716585	9.41089
79 	24    	4.07907	2.25029	0.0716585	9.41089
80 	24    	4.07758	2.23528	0.0716585	9.40332
81 	24    	4.07611	2.20509	0.0699908	9.40264
82 	24    	4.07344	2.18258	0.0699908	9.26334
83 	24    	4.07308	2.18253	0.0699908	9.26555
84 	24    	4.07277	2.18246	0.0699908	9.26334
85 	24    	4.06856	2.18577	0.0709454	9.26565
86 	24    	4.06389	2.18487	0.0709454	9.26565
87 	24    	4.05408	2.18993	0.0709454	9.26565
88 	24    	4.0483 	2.19082	0.0709732	9.26529
89 	24    	4.04035	2.17667	0.0709732	9.26529
90 	24    	4.03506	2.18255	0.0726904	9.26529
91 	24    	4.034  	2.18591	0.0726904	9.26357
92 	24    	4.03123	2.18399	0.0726904	9.34552
93 	24    	4.0286 	2.18118	0.0751175	9.34552
94 	24    	4.02613	2.17822	0.0751175	9.34552
95 	24    	4.01483	2.16782	0.0733395	9.34552
96 	24    	4.01095	2.1647 	0.0733395	9.34733
97 	24    	3.99653	2.15542	0.0733395	9.34733
98 	24    	3.99153	2.15202	0.071695 	9.34733
99 	24    	3.98535	2.15725	0.071695 	9.34733
100	24    	3.95682	2.15234	0.0723491	9.34975
101	24    	3.94007	2.13357	0.0723491	9.34975
102	24    	3.9283 	2.10573	0.0723491	9.34221
103	24    	3.91317	2.12965	0.0733395	9.34221
104	24    	3.90163	2.1133 	0.0733395	9.35216
105	24    	3.88825	2.14365	0.0733395	12.808 
106	24    	3.88012	2.1236 	0.0733395	9.35063
107	24    	3.86878	2.12853	0.0733395	9.35063
108	24    	3.84886	2.13507	0.0733395	9.35063
109	24    	3.82847	2.13862	0.0725363	9.41073
110	24    	3.79651	2.13884	0.0725363	9.41073
111	24    	3.78117	2.13857	0.0725363	9.27008
112	24    	3.77618	2.1354 	0.0735187	9.2614 
113	24    	3.77307	2.13926	0.0735187	9.26092
114	24    	3.76873	2.14159	0.0735187	9.26106
115	24    	3.76292	2.14339	0.0758567	9.26106
116	24    	3.75663	2.14776	0.0758567	9.30302
117	24    	3.75003	2.15256	0.0757457	9.30302
118	24    	3.74257	2.1624 	0.0727417	9.25591
119	24    	3.7391 	2.16667	0.0727417	9.25368
120	24    	3.72342	2.15781	0.0739628	9.25368
--- 16759.418419122696 seconds ---
ran GA
