preds
RHEB
['RAC1', 'IRS1', 'PDPK1']
preds
TSC2
['PIK3AP1', 'BCL2', 'FOXO3']
preds
TSC1
['MCL1', 'PIK3AP1', 'PTEN']
preds
PDPK1
['IRS1', 'CRTC2', 'BCL2L1']
preds
PTEN
['NOS3', 'CDKN1B', 'CDKN1A']
preds
IRS1
['PDPK1', 'PTK2', 'CRTC2']
preds
GSK3B
['NOS3', 'NR4A1', 'PIK3AP1']
preds
CDKN1B
['PTEN', 'MCL1', 'TSC1']
preds
FOXO3
['NR4A1', 'BCL2', 'MYB']
preds
BAD
['RAC1', 'GRB2', 'BCL2L1']
preds
MDM2
['MYB', 'THEM4', 'FOXO3']
preds
BCL2L1
['RAC1', 'PTK2', 'CDC37']
preds
GRB2
['BCL2L1', 'CASP9', 'EIF4EBP1']
preds
THEM4
['NOS3', 'NR4A1', 'MDM2']
preds
CDC37
['BCL2L1', 'RAC1', 'IRS1']
preds
NOS3
['GSK3B', 'THEM4', 'PTEN']
preds
CRTC2
['IRS1', 'RAC1', 'PTK2']
preds
CDKN1A
['BCL2', 'PTEN', 'NR4A1']
preds
CASP9
['GRB2', 'PDPK1', 'BAD']
preds
RAF1
['PTK2', 'BCL2L1', 'CDC37']
preds
CD19
['CDC37', 'GRB2', 'BCL2L1']
preds
PTK2
['IRS1', 'BCL2L1', 'CRTC2']
preds
RAC1
['RHEB', 'BCL2L1', 'CRTC2']
preds
BRCA1
['RAC1', 'CRTC2', 'PTK2']
preds
BCL2
['DDIT4', 'MYB', 'FOXO3']
preds
MCL1
['TSC1', 'BCL2', 'THEM4']
preds
MYB
['MDM2', 'BCL2', 'FOXO3']
preds
PIK3AP1
['TSC1', 'TSC2', 'GSK3B']
preds
NR4A1
['DDIT4', 'FOXO3', 'THEM4']
gen	nevals	avg    	std    	min     	max    
0  	24    	9.58997	5.55834	0.137302	23.7986
1  	24    	8.43375	5.18036	0.295226	23.7986
2  	24    	8.02279	4.95933	0.295226	23.7986
3  	24    	7.56262	4.81591	0.295226	21.7352
4  	24    	7.18701	4.74257	0.275574	21.7352
5  	24    	6.90762	4.63261	0.275574	21.7352
6  	24    	6.7514 	4.54839	0.275574	21.0825
7  	24    	6.56801	4.42445	0.276122	21.6659
8  	24    	6.40797	4.52847	0.274717	21.7169
9  	24    	6.2771 	4.57984	0.274717	21.7169
10 	24    	6.15119	4.84786	0.274717	21.696 
11 	24    	6.00902	4.78674	0.274717	20.0342
12 	24    	5.79701	4.62792	0.270759	19.1624
13 	24    	5.59755	4.60592	0.270759	19.1625
14 	24    	5.49012	4.41408	0.274396	19.1556
15 	24    	5.39364	4.10512	0.274396	19.165 
16 	24    	5.2773 	4.0218 	0.274396	21.7164
17 	24    	5.20329	3.9532 	0.274674	19.1657
18 	24    	5.16386	3.8879 	0.27503 	19.1602
19 	24    	5.11555	3.89499	0.27512 	19.1607
20 	24    	5.06576	3.90682	0.274684	19.1607
21 	24    	5.02353	3.94116	0.274862	19.1617
22 	24    	5.00154	3.91523	0.274862	19.1691
23 	24    	4.97644	3.9016 	0.274862	19.1748
24 	24    	4.93722	3.88043	0.274862	19.1647
25 	24    	4.9247 	3.93262	0.274862	19.1635
26 	24    	4.90083	3.90533	0.274862	19.1644
27 	24    	4.84679	3.76277	0.274551	19.1587
28 	24    	4.73198	3.58611	0.274862	19.1485
29 	24    	4.63604	3.40922	0.274877	19.1652
30 	24    	4.58466	3.22644	0.274877	18.7148
31 	24    	4.57921	3.21935	0.27542 	18.7197
32 	24    	4.54777	3.18032	0.271903	18.7284
33 	24    	4.49629	3.11816	0.271903	18.7128
34 	24    	4.46768	3.09198	0.270433	18.7177
35 	24    	4.45358	3.11417	0.270433	18.7247
36 	24    	4.43689	3.12979	0.270433	18.7271
37 	24    	4.42481	3.11574	0.270179	18.7274
38 	24    	4.3989 	3.09992	0.270179	18.7274
39 	24    	4.36927	3.10379	0.270162	18.7305
40 	24    	4.342  	3.05144	0.270741	18.7183
41 	24    	4.31007	2.99611	0.269853	18.7182
42 	24    	4.29734	2.99926	0.270645	18.7292
43 	24    	4.27591	3.00168	0.26991 	18.72  
44 	24    	4.26623	2.96799	0.26991 	18.7141
45 	24    	4.26064	2.93199	0.269571	18.7163
46 	24    	4.25071	2.89332	0.269571	18.725 
47 	24    	4.23653	2.70341	0.269571	18.7202
48 	24    	4.2147 	2.54211	0.270387	18.7202
49 	24    	4.19815	2.76641	0.270031	18.7235
50 	24    	4.18394	2.83317	0.270031	18.7235
51 	24    	4.1756 	2.75641	0.270031	18.7256
52 	24    	4.16431	2.5964 	0.270031	18.7351
53 	24    	4.1468 	2.4218 	0.270031	18.7221
54 	24    	4.13237	2.5299 	0.271191	18.7221
55 	24    	4.11828	2.70725	0.619233	18.7215
56 	24    	4.11222	2.55178	0.618626	18.7297
57 	24    	4.10101	2.25497	0.374463	18.7297
58 	24    	4.08499	1.94983	0.623375	18.6916
59 	24    	4.0834 	1.95039	0.623294	18.6916
60 	24    	4.08128	2.00596	0.62266 	18.696 
61 	24    	4.07926	2.06115	0.622268	18.7119
62 	24    	4.07677	1.89613	0.622268	9.32174
63 	24    	4.07604	1.89413	0.622268	9.32168
64 	24    	4.07143	1.89355	0.622268	9.32168
65 	24    	4.05449	1.89145	0.622268	9.32073
66 	24    	4.03464	1.89359	0.622654	9.32054
67 	24    	3.99071	1.91125	0.622654	9.32446
68 	24    	3.98094	1.91863	0.548183	10.7653
69 	24    	3.97261	1.92111	0.376687	10.7653
70 	24    	3.96649	1.93412	0.375649	10.7653
71 	24    	3.96013	1.97496	0.375649	10.7653
72 	24    	3.95179	2.0191 	0.375649	10.7653
73 	24    	3.94002	2.0888 	0.375649	10.7321
74 	24    	3.93244	2.07723	0.375649	10.7321
75 	24    	3.92412	2.07878	0.375649	10.7291
76 	24    	3.91584	2.09367	0.337572	10.9461
77 	24    	3.90979	2.07073	0.50375 	10.7198
78 	24    	3.90579	2.0552 	0.50375 	10.6077
79 	24    	3.90203	2.01225	0.50375 	10.6106
80 	24    	3.89622	2.0065 	0.324719	10.6106
81 	24    	3.88901	1.98645	0.0827853	10.6343
82 	24    	3.88677	1.98888	0.0827853	10.6343
83 	24    	3.8804 	1.98771	0.0827853	10.6343
84 	24    	3.87132	1.9831 	0.0827853	10.6343
85 	24    	3.85519	1.96428	0.622777 	9.98103
86 	24    	3.84872	1.95879	0.0742035	9.96162
87 	24    	3.84527	1.95519	0.0742035	9.96162
88 	24    	3.84034	1.9596 	0.0742035	9.95993
89 	24    	3.83387	1.95848	0.0742035	9.95884
90 	24    	3.82543	1.96379	0.622289 	9.95884
91 	24    	3.81693	1.95972	0.62269  	9.97144
92 	24    	3.80858	1.95657	0.325778 	9.97659
93 	24    	3.79801	1.96495	0.325299 	9.97659
94 	24    	3.78354	1.97782	0.325299 	9.97659
95 	24    	3.76307	1.98925	0.325454 	9.97659
96 	24    	3.75402	1.98392	0.325694 	9.96207
97 	24    	3.7487 	1.98977	0.325693 	9.96207
98 	24    	3.736  	2.00393	0.0631222	11.4018
99 	24    	3.72332	2.01716	0.0611381	11.4293
100	24    	3.71164	2.02867	0.0581222	11.4433
101	24    	3.69569	2.06562	0.0581222	11.4433
102	24    	3.66931	2.12734	0.0581222	11.4433
103	24    	3.64362	2.1762 	0.059621 	11.4349
104	24    	3.64108	2.16919	0.059621 	11.458 
105	24    	3.63849	2.16233	0.0576737	11.458 
106	24    	3.63808	2.16194	0.060278 	11.436 
107	24    	3.63804	2.16185	0.060278 	11.436 
108	24    	3.6378 	2.16196	0.059584 	11.436 
109	24    	3.63751	2.16041	0.059584 	11.4338
110	24    	3.63715	2.15868	0.0621497	11.4338
111	24    	3.63661	2.15452	0.0621497	11.4338
112	24    	3.63586	2.15023	0.0624714	11.4338
113	24    	3.63216	2.1477 	0.0586992	11.4338
114	24    	3.63129	2.14698	0.059806 	11.4441
115	24    	3.62863	2.14661	0.059806 	11.4441
116	24    	3.62517	2.14068	0.059806 	11.4441
117	24    	3.62249	2.14028	0.123854 	11.1311
118	24    	3.61793	2.147  	0.12119  	11.1372
119	24    	3.60577	2.16409	0.124346 	11.1193
120	24    	3.59045	2.18488	0.116499 	11.146 
--- 16384.22254562378 seconds ---
ran GA
