slurmstepd: error: task/cgroup: unable to add task[pid=36119] to memory cg '(null)'
preds
RHEB
['BAD', 'RAF1', 'MCL1']
preds
TSC2
['PIK3AP1', 'BCL2', 'PTEN']
preds
TSC1
['PIK3AP1', 'BCL2', 'PTEN']
preds
PDPK1
['IRS1', 'CRTC2', 'RAC1']
preds
PTEN
['GSK3B', 'NOS3', 'THEM4']
preds
IRS1
['PDPK1', 'PTK2', 'STK11']
preds
GSK3B
['MDM2', 'PTEN', 'FOXO3']
preds
CDKN1B
['THEM4', 'FOXO3', 'BCL2']
preds
FOXO3
['NOS3', 'CDKN1B', 'G6PC']
preds
BAD
['PDPK1', 'CRTC2', 'RAC1']
preds
MDM2
['GSK3B', 'BCL2', 'CDKN1B']
preds
BCL2L1
['RAC1', 'PTK2', 'CDC37']
preds
GRB2
['CDC37', 'BCL2L1', 'CASP9']
preds
THEM4
['CDKN1B', 'NR4A1', 'PTEN']
preds
CDC37
['BCL2L1', 'GRB2', 'RAC1']
preds
NOS3
['FOXO3', 'PTEN', 'TSC2']
preds
CRTC2
['PDPK1', 'BCL2L1', 'BAD']
preds
CDKN1A
['THEM4', 'PTEN', 'MDM2']
preds
CASP9
['GRB2', 'PDPK1', 'CD19']
preds
RAF1
['RAC1', 'RHEB', 'PTK2']
preds
CD19
['CDC37', 'GRB2', 'IRS1']
preds
PTK2
['IRS1', 'BCL2L1', 'SYK']
preds
RAC1
['BCL2L1', 'IRS1', 'PDPK1']
preds
BRCA1
['PTK2', 'GRB2', 'IRS1']
preds
BCL2
['MDM2', 'CDKN1B', 'MYB']
preds
MCL1
['PIK3AP1', 'CDKN1A', 'NR4A1']
preds
MYB
['BCL2', 'CDKN1B', 'THEM4']
preds
PIK3AP1
['TSC1', 'MCL1', 'TSC2']
preds
NR4A1
['THEM4', 'BCL2', 'MCL1']
gen	nevals	avg    	std    	min      	max    
0  	24    	9.27275	5.72972	0.0099953	24.8742
1  	24    	8.22722	5.42877	0.0091593	24.8742
2  	24    	7.37898	5.0647 	0.0091593	21.7352
3  	24    	6.72788	4.74736	0.00774469	21.7352
4  	24    	6.457  	4.41725	0.00707502	21.7352
5  	24    	6.23911	4.18785	0.00774469	21.7352
6  	24    	6.07523	4.06759	0.00774469	21.7352
7  	24    	5.90493	3.776  	0.00770035	21.7352
8  	24    	5.74123	3.63998	0.00770035	21.7352
9  	24    	5.59525	3.32957	0.0331943 	18.0208
10 	24    	5.45733	3.36287	0.0331943 	18.0208
11 	24    	5.29962	3.25462	0.0331943 	18.0208
12 	24    	5.2196 	3.11532	0.0357473 	18.0208
13 	24    	5.11286	3.0055 	0.0399775 	14.8114
14 	24    	5.01465	2.92285	0.0975309 	14.6489
15 	24    	4.93531	3.00167	0.0975309 	12.6082
16 	24    	4.87838	3.04347	0.0975309 	12.6067
17 	24    	4.8296 	2.96327	0.0975309 	12.5942
18 	24    	4.78969	2.84073	0.0973923 	12.5763
19 	24    	4.75436	2.74019	0.0954224 	12.5631
20 	24    	4.73776	2.70964	0.08833   	12.5992
21 	24    	4.71877	2.69078	0.08833   	12.5992
22 	24    	4.69773	2.68688	0.0954224 	12.5409
23 	24    	4.68175	2.65139	0.0954224 	12.5101
24 	24    	4.66017	2.64732	0.100694  	12.0628
25 	24    	4.63979	2.59918	0.0958856 	12.0621
26 	24    	4.62139	2.61125	0.0958856 	12.0622
27 	24    	4.59687	2.6043 	0.0921434 	12.0622
28 	24    	4.54702	2.62814	0.0978541 	12.063 
29 	24    	4.5002 	2.62255	0.0952143 	12.0635
30 	24    	4.46134	2.62297	0.0952143 	12.0635
31 	24    	4.42332	2.61947	0.0925154 	12.0631
32 	24    	4.36018	2.60628	0.0940356 	12.0628
33 	24    	4.28427	2.58298	0.0945215 	12.0623
34 	24    	4.20076	2.58877	0.0945215 	12.0625
35 	24    	4.16322	2.5951 	0.0952671 	12.0625
36 	24    	4.15656	2.58205	0.096716  	12.0625
37 	24    	4.13948	2.55271	0.0922701 	12.0625
38 	24    	4.12272	2.5368 	0.0922701 	12.0625
39 	24    	4.11487	2.53155	0.0935191 	12.0633
40 	24    	4.09423	2.51473	0.0935191 	12.0626
41 	24    	4.08215	2.5135 	0.0935191 	12.0626
42 	24    	4.06127	2.50283	0.0935191 	12.0632
43 	24    	4.02434	2.48385	0.0969872 	12.0633
44 	24    	3.99395	2.4657 	0.0979805 	12.0633
45 	24    	3.98406	2.46352	0.100067  	12.0633
46 	24    	3.98107	2.46437	0.0986457 	12.0632
47 	24    	3.98082	2.46458	0.095731  	12.0634
48 	24    	3.98079	2.46458	0.095731  	12.0634
49 	24    	3.98077	2.4646 	0.095731  	12.0634
50 	24    	3.98072	2.4646 	0.095731  	12.0634
51 	24    	3.98063	2.46463	0.095731  	12.0637
52 	24    	3.97705	2.46421	0.0971871 	12.0637
53 	24    	3.97008	2.46364	0.0971871 	12.0637
54 	24    	3.96658	2.46339	0.0971871 	12.0637
55 	24    	3.95616	2.46253	0.0971871 	12.0637
56 	24    	3.92516	2.45943	0.0965257 	12.0637
57 	24    	3.89743	2.45865	0.0977197 	12.0624
58 	24    	3.8969 	2.45867	0.0977197 	12.0628
59 	24    	3.8965 	2.45861	0.0979953 	12.0627
60 	24    	3.89607	2.46082	0.0979953 	12.0629
61 	24    	3.89529	2.46708	0.0979953 	12.0629
62 	24    	3.89492	2.47137	0.096289  	12.0629
63 	24    	3.89339	2.48085	0.096289  	12.0632
64 	24    	3.89195	2.49254	0.0995183 	12.0632
65 	24    	3.89108	2.49956	0.099422  	12.0629
66 	24    	3.89054	2.50147	0.099422  	12.0641
67 	24    	3.89008	2.50113	0.0990392 	12.0641
68 	24    	3.88954	2.50682	0.0981843 	12.0631
69 	24    	3.88854	2.51032	0.0947081 	12.0627
70 	24    	3.88713	2.51306	0.0947081 	12.0627
71 	24    	3.88582	2.52109	0.0984457 	12.0625
72 	24    	3.88491	2.5291 	0.0974584 	12.0629
73 	24    	3.88327	2.52159	0.0974584 	12.0625
74 	24    	3.88283	2.51917	0.0964855 	12.0625
75 	24    	3.88127	2.51161	0.0964855 	12.0625
76 	24    	3.87954	2.4903 	0.0955915 	12.0625
77 	24    	3.87331	2.45167	0.0976179 	12.061 
78 	24    	3.86708	2.46919	0.0992048 	12.0628
79 	24    	3.86297	2.48385	0.0967688 	12.0628
80 	24    	3.86059	2.51527	0.0967688 	12.0628
81 	24    	3.85918	2.51652	0.0951724 	12.0635
82 	24    	3.85811	2.51345	0.0951724 	12.0628
83 	24    	3.85576	2.51253	0.0951724 	12.0628
84 	24    	3.85168	2.51054	0.0922944 	12.0625
85 	24    	3.84135	2.51582	0.0527456 	12.0635
86 	24    	3.83455	2.51259	0.0527456 	12.0635
87 	24    	3.82268	2.52858	0.0527456 	12.0635
88 	24    	3.81792	2.5367 	0.0527456 	12.0635
89 	24    	3.80596	2.55193	0.0527456 	12.0635
90 	24    	3.77943	2.59793	0.0510982 	12.0635
91 	24    	3.73478	2.68218	0.0510982 	12.0635
92 	24    	3.71085	2.68301	0.0528683 	12.0627
93 	24    	3.70828	2.68512	0.0528683 	12.0627
94 	24    	3.70631	2.68427	0.052666  	12.0627
95 	24    	3.70624	2.68453	0.052666  	12.0628
96 	24    	3.70581	2.68427	0.0514986 	12.0628
97 	24    	3.70573	2.68422	0.0514986 	12.063 
98 	24    	3.70542	2.68421	0.0514986 	12.063 
99 	24    	3.70511	2.68432	0.0514986 	12.063 
100	24    	3.70477	2.68416	0.0514986 	12.063 
101	24    	3.70443	2.68412	0.0514986 	12.0628
102	24    	3.70182	2.68336	0.0514986 	12.0635
103	24    	3.69446	2.67061	0.0519712 	12.0635
104	24    	3.68721	2.65416	0.0519712 	12.0636
105	24    	3.67683	2.64018	0.0519712 	12.0635
106	24    	3.65901	2.62786	0.0510451 	12.0633
107	24    	3.65235	2.62067	0.0510451 	12.0629
108	24    	3.64526	2.59918	0.0510451 	12.0624
109	24    	3.63848	2.55047	0.0510451 	12.0624
110	24    	3.63435	2.51891	0.0503422 	10.9395
111	24    	3.63332	2.52132	0.05219   	10.9395
112	24    	3.62878	2.52703	0.0502516 	10.9395
113	24    	3.62158	2.52746	0.0502516 	10.9395
114	24    	3.61103	2.52822	0.0502516 	10.9395
115	24    	3.59313	2.5076 	0.0502516 	10.9357
116	24    	3.585  	2.49166	0.0502516 	9.42899
117	24    	3.57621	2.48048	0.0512603 	9.4308 
118	24    	3.56607	2.458  	0.0512603 	9.4308 
119	24    	3.55564	2.44357	0.0475945 	9.4308 
120	24    	3.54104	2.46179	0.0475945 	9.4308 
--- 19414.35121536255 seconds ---
ran GA
