preds
RHEB
['PTK2', 'THEM4', 'MDM2']
preds
TSC2
['TSC1', 'PIK3AP1', 'BCL2']
preds
TSC1
['TSC2', 'PTEN', 'MDM2']
preds
PDPK1
['IRS1', 'RAC1', 'BCL2L1']
preds
PTEN
['MDM2', 'BCL2', 'NOS3']
preds
IRS1
['PDPK1', 'PTK2', 'CRTC2']
preds
GSK3B
['MYB', 'CCND1', 'CDKN1B']
preds
CDKN1B
['THEM4', 'FOXO3', 'PTEN']
preds
FOXO3
['CDKN1B', 'BCL2', 'PTEN']
preds
BAD
['PDPK1', 'RAC1', 'GRB2']
preds
MDM2
['PTEN', 'CDKN1B', 'EIF4B']
preds
BCL2L1
['PTK2', 'CDC37', 'GRB2']
preds
GRB2
['BCL2L1', 'CASP9', 'CRTC2']
preds
THEM4
['CDKN1B', 'NOS3', 'NR4A1']
preds
CDC37
['BCL2L1', 'RAC1', 'PTK2']
preds
NOS3
['THEM4', 'PTEN', 'G6PC']
preds
CRTC2
['IRS1', 'RAC1', 'BRCA1']
preds
CDKN1A
['BCL2', 'FOXO3', 'MCL1']
preds
CASP9
['GRB2', 'PTK2', 'RAC1']
preds
RAF1
['RBL2', 'CRTC2', 'CDC37']
preds
CD19
['SYK', 'CDC37', 'GRB2']
preds
PTK2
['IRS1', 'BCL2L1', 'RAC1']
preds
RAC1
['CRTC2', 'EIF4EBP1', 'IRS1']
preds
BRCA1
['CRTC2', 'PTK2', 'CASP9']
preds
BCL2
['PTEN', 'FOXO3', 'CDKN1A']
preds
MCL1
['PIK3AP1', 'PTEN', 'CDKN1B']
preds
MYB
['GSK3B', 'THEM4', 'PIK3AP1']
preds
PIK3AP1
['MCL1', 'TSC2', 'MYB']
preds
NR4A1
['THEM4', 'BCL2', 'PIK3AP1']
gen	nevals	avg    	std    	min      	max    
0  	24    	8.64587	5.36833	0.0153895	21.7352
1  	24    	7.85107	4.90015	0.12106  	22.2648
2  	24    	7.13838	4.63257	0.136004 	22.2718
3  	24    	6.62345	4.49243	0.136004 	22.2718
4  	24    	6.26481	4.40599	0.136004 	22.2718
5  	24    	5.94405	4.27197	0.136004 	22.2718
6  	24    	5.68031	4.1804 	0.136004 	22.2718
7  	24    	5.52691	4.12559	0.136492 	22.2008
8  	24    	5.36406	4.14498	0.134869 	22.2008
9  	24    	5.19269	3.94905	0.134869 	22.227 
10 	24    	5.10196	3.94242	0.159643 	22.2546
11 	24    	5.01387	3.7923 	0.159643 	22.2113
12 	24    	4.95535	3.80718	0.16598  	22.1763
13 	24    	4.92075	3.84062	0.165297 	22.1763
14 	24    	4.89732	3.82082	0.163326 	20.0555
15 	24    	4.87184	3.79825	0.162093 	20.0602
16 	24    	4.85473	3.78686	0.16363  	20.0619
17 	24    	4.8429 	3.80308	0.16363  	20.0582
18 	24    	4.81998	3.84903	0.165297 	20.0582
19 	24    	4.78571	3.87084	0.158255 	20.0602
20 	24    	4.74402	3.84757	0.156879 	20.0602
21 	24    	4.70265	3.90339	0.156879 	20.0602
22 	24    	4.67492	3.89442	0.156767 	20.0667
23 	24    	4.6605 	3.90542	0.155401 	20.0581
24 	24    	4.65173	3.91148	0.155401 	20.0581
25 	24    	4.64255	3.91178	0.15577  	20.0581
26 	24    	4.62463	3.88474	0.156351 	20.0543
27 	24    	4.60994	3.85461	0.156351 	20.0661
28 	24    	4.59095	3.81921	0.157011 	20.0661
29 	24    	4.54825	3.74718	0.289515 	20.0563
30 	24    	4.53419	3.74968	0.289783 	20.0689
31 	24    	4.51817	3.74945	0.289783 	20.0689
32 	24    	4.49597	3.75106	0.168149 	20.0689
33 	24    	4.45749	3.74814	0.142574 	20.0689
34 	24    	4.42562	3.75364	0.288956 	20.0689
35 	24    	4.42379	3.75375	0.288339 	20.0545
36 	24    	4.42344	3.75436	0.289623 	20.0552
37 	24    	4.42065	3.75622	0.144182 	20.0552
38 	24    	4.42045	3.75635	0.144182 	20.0552
39 	24    	4.41467	3.76028	0.128375 	20.0563
40 	24    	4.40952	3.76405	0.128375 	20.0563
41 	24    	4.39665	3.7751 	0.128375 	20.0604
42 	24    	4.37381	3.7929 	0.124946 	20.0662
43 	24    	4.35906	3.80328	0.122593 	20.0662
44 	24    	4.35621	3.80524	0.124555 	20.0662
45 	24    	4.34642	3.76404	0.124555 	20.0662
46 	24    	4.33719	3.72409	0.12547  	20.0563
47 	24    	4.32425	3.68412	0.12547  	20.0563
48 	24    	4.28959	3.51382	0.12547  	20.0542
49 	24    	4.23575	3.24097	0.12126  	20.056 
50 	24    	4.17094	2.64994	0.12126  	11.3378
51 	24    	4.16383	2.651  	0.12126  	11.3579
52 	24    	4.15245	2.6526 	0.125375 	11.411 
53 	24    	4.14023	2.63729	0.126804 	11.411 
54 	24    	4.1361 	2.64021	0.120221 	11.411 
55 	24    	4.13319	2.64502	0.120221 	11.3688
56 	24    	4.12785	2.6549 	0.124834 	11.3688
57 	24    	4.12151	2.66706	0.125714 	11.3532
58 	24    	4.11665	2.67354	0.12696  	11.3532
59 	24    	4.11581	2.67454	0.115116 	11.3532
60 	24    	4.11434	2.73052	0.115116 	20.028 
61 	24    	4.11081	2.78182	0.115116 	20.0475
62 	24    	4.1054 	2.9378 	0.115116 	20.0475
63 	24    	4.09489	3.22305	0.123607 	20.0586
64 	24    	4.08395	3.30653	0.123061 	20.0608
65 	24    	4.07646	3.12217	0.123061 	22.1811
66 	24    	4.06192	2.68071	0.118948 	20.0281
67 	24    	4.04991	2.59899	0.118948 	11.3809
68 	24    	4.0366 	2.59263	0.0630428	11.3437
69 	24    	4.02211	2.6704 	0.0630428	15.4677
70 	24    	4.01657	2.74182	0.0630428	15.4677
71 	24    	4.01477	2.74303	0.0630428	15.4677
72 	24    	4.00901	2.88251	0.0630428	15.5155
73 	24    	3.99726	3.12819	0.0630428	15.5155
74 	24    	3.96299	3.43483	0.0650562	15.5212
75 	24    	3.94739	3.84326	0.0672642	15.524 
76 	24    	3.91294	3.90864	0.061058 	15.5369
77 	24    	3.83471	3.77564	0.061058 	15.5212
78 	24    	3.7972 	3.7162 	0.061058 	15.5214
79 	24    	3.75286	3.64679	0.061058 	15.5362
80 	24    	3.67699	3.47526	0.0664524	15.5362
81 	24    	3.64219	3.40672	0.0700059	15.5279
82 	24    	3.60101	3.37156	0.0667237	15.5279
83 	24    	3.56257	3.28954	0.248159 	15.5151
84 	24    	3.53129	3.19361	0.248159 	15.4987
85 	24    	3.50769	3.17191	0.249001 	15.4837
86 	24    	3.46287	3.15028	0.246762 	15.4837
87 	24    	3.42596	3.11103	0.245877 	13.127 
88 	24    	3.39159	3.06791	0.245395 	13.1122
89 	24    	3.36081	3.04865	0.245395 	13.9131
90 	24    	3.35677	3.03466	0.240026 	12.8879
91 	24    	3.34447	2.97231	0.240026 	12.8607
92 	24    	3.32517	2.86981	0.240026 	12.8309
93 	24    	3.31256	2.80587	0.246414 	11.4833
94 	24    	3.31166	2.80587	0.246414 	11.4527
95 	24    	3.30371	2.81339	0.234293 	11.4527
96 	24    	3.29998	2.80675	0.234293 	11.4501
97 	24    	3.28964	2.80462	0.234293 	11.4542
98 	24    	3.28275	2.78952	0.232104 	11.4542
99 	24    	3.26938	2.76357	0.232104 	11.4103
100	24    	3.26427	2.76677	0.232104 	11.3887
101	24    	3.25734	2.78283	0.232104 	11.3887
102	24    	3.24267	2.81639	0.232104 	11.4342
103	24    	3.21855	2.88752	0.231707 	11.4727
104	24    	3.18859	2.91636	0.231707 	11.4727
105	24    	3.17598	2.90835	0.232786 	11.4727
106	24    	3.157  	2.88155	0.232563 	11.4991
107	24    	3.1445 	2.91244	0.232563 	11.4559
108	24    	3.13231	2.89238	0.231413 	11.4559
109	24    	3.11606	2.90441	0.242361 	11.456 
110	24    	3.11111	2.92833	0.242361 	11.4559
111	24    	3.10545	2.92423	0.242361 	11.4582
112	24    	3.0993 	2.91689	0.229367 	11.4582
113	24    	3.09068	2.9076 	0.226686 	11.4842
114	24    	3.08085	2.89333	0.234835 	11.4842
115	24    	3.07682	2.90057	0.215952 	11.4842
116	24    	3.0709 	2.9088 	0.215952 	11.4842
117	24    	3.06672	2.92293	0.215952 	11.4842
118	24    	3.06017	2.95844	0.215952 	12.9182
119	24    	3.05067	2.96246	0.215952 	12.9182
120	24    	3.03804	2.95635	0.215952 	11.4582
--- 18166.105815649033 seconds ---
ran GA
