preds
RHEB
['CASP9', 'RAF1', 'EIF4B']
preds
TSC2
['TSC1', 'PIK3AP1', 'BCL2']
preds
TSC1
['MCL1', 'PIK3AP1', 'TSC2']
preds
PDPK1
['IRS1', 'STK11', 'CRTC2']
preds
PTEN
['MDM2', 'BCL2', 'GSK3B']
preds
IRS1
['PDPK1', 'PTK2', 'BCL2L1']
preds
GSK3B
['PTEN', 'NOS3', 'FOXO3']
preds
CDKN1B
['FOXO3', 'BCL2', 'PTEN']
preds
FOXO3
['THEM4', 'CDKN1B', 'BCL2']
preds
BAD
['PDPK1', 'CRTC2', 'GRB2']
preds
MDM2
['PTEN', 'MYB', 'FOXO3']
preds
BCL2L1
['IRS1', 'PTK2', 'GRB2']
preds
GRB2
['BCL2L1', 'CASP9', 'PTK2']
preds
THEM4
['FOXO3', 'NOS3', 'BCL2']
preds
CDC37
['CASP9', 'EIF4E', 'RAC1']
preds
NOS3
['GSK3B', 'THEM4', 'PIK3AP1']
preds
CRTC2
['RAC1', 'PDPK1', 'BCL2L1']
preds
CDKN1A
['GSK3B', 'MCL1', 'PIK3AP1']
preds
CASP9
['CDC37', 'GRB2', 'RHEB']
preds
RAF1
['RHEB', 'BCL2L1', 'CDC37']
preds
CD19
['CDC37', 'GRB2', 'BAD']
preds
PTK2
['IRS1', 'BCL2L1', 'RAC1']
preds
RAC1
['CRTC2', 'PDPK1', 'CDC37']
preds
BRCA1
['CRTC2', 'PTK2', 'EIF4EBP1']
preds
BCL2
['PTEN', 'CDKN1B', 'THEM4']
preds
MCL1
['TSC1', 'THEM4', 'MDM2']
preds
MYB
['MDM2', 'PTEN', 'BCL2']
preds
PIK3AP1
['TSC1', 'TSC2', 'MYB']
preds
NR4A1
['PIK3AP1', 'CD19', 'CRTC2']
gen	nevals	avg    	std    	min      	max    
0  	24    	9.94632	6.35379	0.0013075	21.7352
1  	24    	9.37054	6.30681	0.00169507	23.3311
2  	24    	8.71815	6.20069	0.00153254	25.5837
3  	24    	8.26111	5.92685	0.00123325	26.2214
4  	24    	7.88297	5.74045	0.00153254	21.7352
5  	24    	7.55148	5.52018	0.00179829	21.7352
6  	24    	7.23514	5.27877	0.0013603 	21.7352
7  	24    	7.05518	5.14938	0.0013603 	21.651 
8  	24    	6.8339 	4.88913	0.00143697	21.651 
9  	24    	6.61707	4.85647	0.00143697	19.9039
10 	24    	6.45447	4.71759	0.00130468	21.6483
11 	24    	6.3494 	4.59125	0.00130468	21.6483
12 	24    	6.10371	4.58402	0.00130468	21.6516
13 	24    	5.95562	4.58553	0.0114568 	21.6483
14 	24    	5.85396	4.45896	0.0114568 	18.4937
15 	24    	5.69929	4.16093	0.0109141 	19.9567
16 	24    	5.58837	4.16897	0.0109725 	19.9567
17 	24    	5.46036	4.05775	0.0114568 	19.9567
18 	24    	5.32662	3.88567	0.0110495 	16.9051
19 	24    	5.23968	3.83502	0.00949765	16.9515
20 	24    	5.17057	3.78851	0.00970475	16.8727
21 	24    	5.09536	3.64863	0.00884054	15.8489
22 	24    	5.07267	3.65998	0.00884054	15.8814
23 	24    	5.04618	3.73401	0.00884054	15.8963
24 	24    	5.02905	3.80081	0.010287  	15.9006
25 	24    	5.00507	3.98558	0.010287  	15.9111
26 	24    	4.96637	4.0467 	0.00999607	15.9567
27 	24    	4.93478	4.02397	0.00999607	15.906 
28 	24    	4.91238	4.12062	0.0101141 	15.9703
29 	24    	4.90737	4.16568	0.0101141 	15.9703
30 	24    	4.9065 	4.16496	0.010136  	15.9203
31 	24    	4.90569	4.16787	0.00967764	16.6425
32 	24    	4.90523	4.17049	0.00967764	16.6425
33 	24    	4.90465	4.17742	0.00881995	16.6748
34 	24    	4.90394	4.18906	0.00881995	16.6748
35 	24    	4.90056	4.19376	0.00881995	16.6748
36 	24    	4.88536	4.21814	0.00967764	19.5318
37 	24    	4.8737 	4.22237	0.00989522	19.5318
38 	24    	4.83778	4.26023	0.0109705 	19.5546
39 	24    	4.79019	4.33237	0.010639  	19.5723
40 	24    	4.72347	4.22677	0.0102102 	19.5301
41 	24    	4.67195	4.21207	0.00981602	19.5301
42 	24    	4.65241	4.19226	0.00925485	19.5301
43 	24    	4.60583	4.15755	0.00925485	19.5397
44 	24    	4.57297	4.16315	0.00925485	19.5397
45 	24    	4.54196	4.18854	0.0100227 	19.5415
46 	24    	4.51678	4.21651	0.0100227 	19.5509
47 	24    	4.46612	4.22909	0.0092203 	19.5509
48 	24    	4.414  	4.16882	0.00979225	19.5695
49 	24    	4.35047	4.21989	0.00979225	19.5875
50 	24    	4.30606	4.28929	0.00979225	19.5707
51 	24    	4.2269 	4.13465	0.00979225	19.5588
52 	24    	4.07765	3.78898	0.0106267 	19.5508
53 	24    	3.98296	3.64026	0.00989891	17.5895
54 	24    	3.96136	3.58122	0.00965346	17.6864
55 	24    	3.94628	3.55136	0.00980823	17.635 
56 	24    	3.93892	3.5358 	0.00950876	17.6078
57 	24    	3.92669	3.48165	0.00950876	17.626 
58 	24    	3.91331	3.48534	0.00950876	17.6093
59 	24    	3.90389	3.51754	0.00950876	17.6093
60 	24    	3.88363	3.56758	0.0100087 	17.6197
61 	24    	3.85772	3.67857	0.0102846 	17.6197
62 	24    	3.84296	3.60928	0.00942466	17.6093
63 	24    	3.83982	3.57788	0.00942466	17.5353
64 	24    	3.83185	3.50482	0.00158964	16.5795
65 	24    	3.82143	3.4027 	0.00158964	16.5851
66 	24    	3.80667	3.2442 	0.00132555	16.5724
67 	24    	3.79966	3.28628	0.00132555	16.5724
68 	24    	3.78903	3.30978	0.00132555	16.5724
69 	24    	3.76955	3.39204	0.000889798	16.5724
70 	24    	3.75977	3.38172	0.00132555 	16.6121
71 	24    	3.75302	3.31223	0.00105606 	18.0013
72 	24    	3.74092	3.15457	0.000895986	18.0013
73 	24    	3.73465	3.15792	0.00135576 	18.0013
74 	24    	3.73171	3.17601	0.00146106 	18.0013
75 	24    	3.72323	3.20143	0.00146106 	18.1529
76 	24    	3.71518	3.1939 	0.00131397 	18.0779
77 	24    	3.70788	3.19936	0.00105586 	18.0779
78 	24    	3.69419	3.20277	0.00105586 	18.1222
79 	24    	3.6591 	3.21838	0.00118811 	18.1222
80 	24    	3.62483	3.27403	0.00131397 	18.1222
81 	24    	3.59344	3.19719	0.00131517 	14.9427
82 	24    	3.57874	3.18581	0.00113506 	14.6368
83 	24    	3.57591	3.18538	0.000753169	14.6884
84 	24    	3.57521	3.18533	0.000753169	14.6736
85 	24    	3.57457	3.18539	0.000753169	14.7098
86 	24    	3.57378	3.18602	0.000753169	14.7098
87 	24    	3.57211	3.18731	0.000753169	14.7098
88 	24    	3.56866	3.1907 	0.000753169	14.7098
89 	24    	3.56031	3.19579	0.000918214	14.7118
90 	24    	3.5539 	3.19644	0.000918214	14.7118
91 	24    	3.5527 	3.19464	0.000991977	14.7173
92 	24    	3.54725	3.19464	0.000993453	14.7173
93 	24    	3.53813	3.19654	0.000993453	14.7607
94 	24    	3.52902	3.19653	0.000993453	14.7607
95 	24    	3.51994	3.19539	0.00115646 	14.6756
96 	24    	3.51812	3.1958 	0.00115646 	14.6434
97 	24    	3.5158 	3.19658	0.00115646 	14.6434
98 	24    	3.51533	3.19696	0.00115646 	14.6926
99 	24    	3.51444	3.19625	0.00136653 	14.6926
100	24    	3.5137 	3.19651	0.00135645 	14.6926
101	24    	3.5076 	3.19805	0.00135645 	14.6732
102	24    	3.50488	3.1986 	0.00135645 	14.6732
103	24    	3.49648	3.20041	0.00100666 	14.6457
104	24    	3.48055	3.20449	0.00100666 	14.6436
105	24    	3.46928	3.21011	0.00108081 	14.6477
106	24    	3.46767	3.2117 	0.00117783 	14.6862
107	24    	3.46546	3.21316	0.00120614 	14.6862
108	24    	3.46299	3.21579	0.00102824 	14.6601
109	24    	3.46224	3.21469	0.00102824 	14.6601
110	24    	3.4618 	3.2138 	0.00102824 	14.6601
111	24    	3.45176	3.19214	0.00102824 	14.6668
112	24    	3.44542	3.16845	0.00102824 	14.677 
113	24    	3.43552	3.14653	0.00102824 	14.6715
114	24    	3.42465	3.11804	0.00133591 	14.6715
115	24    	3.38936	3.02381	0.00137944 	14.6715
116	24    	3.34756	2.93577	0.00137944 	14.6715
117	24    	3.26229	2.76198	0.00104345 	14.6809
118	24    	3.23835	2.74882	0.00104345 	14.6438
119	24    	3.23502	2.7234 	0.00104345 	14.6306
120	24    	3.23232	2.70267	0.00114361 	14.6306
--- 17888.120726823807 seconds ---
ran GA
