slurmstepd: error: task/cgroup: unable to add task[pid=11389] to memory cg '(null)'
preds
ITGB1
['F11R', 'ITGB7', 'CD226']
preds
ITGAL
['ICAM2', 'ITGA4', 'JAM3']
preds
CD226
['MADCAM1', 'ITGA4', 'ICAM2']
preds
ITGA4
['ITGAL', 'MADCAM1', 'ICAM1']
preds
ICAM1
['F11R', 'ITGAL', 'ITGA4']
preds
JAM3
['ITGAL', 'ICAM2', 'ITGB7']
preds
F11R
['ICAM1', 'ITGB1', 'ITGA4']
gen	nevals	avg   	std    	min        	max    
0  	24    	4.2686	5.98286	0.000102378	23.0936
1  	24    	3.17577	4.27307	0.000166744	23.0936
2  	24    	2.86318	3.76899	0.000166744	19.1078
3  	24    	2.7297 	3.56747	5.46033e-05	19.1078
4  	24    	2.62652	3.49711	0.000176733	18.5675
5  	24    	2.56407	3.43628	0.000122124	18.5675
6  	24    	2.52789	3.39013	0.000122124	16.3055
7  	24    	2.47788	3.27413	0.000163173	16.2687
8  	24    	2.44019	3.26964	0.000163173	14.471 
9  	24    	2.40937	3.23952	0.000182739	14.1574
10 	24    	2.38428	3.24371	0.000142423	14.1428
11 	24    	2.34585	3.149  	0.000142423	15.7377
12 	24    	2.27983	2.98129	0.000142423	15.7377
13 	24    	2.24231	3.12755	0.000121826	15.7377
14 	24    	2.22734	3.08418	0.000147519	15.7377
15 	24    	2.21843	3.06858	0.000147519	15.7377
16 	24    	2.19853	3.01654	0.000105876	15.7377
17 	24    	2.15431	2.89763	0.000105876	15.711 
18 	24    	2.06005	2.47394	0.000105876	10.1373
19 	24    	2.03972	2.44218	0.000124581	7.90569
20 	24    	2.03617	2.44692	0.000124581	7.88369
21 	24    	2.03564	2.4459 	0.000124226	7.88369
22 	24    	2.03524	2.44532	0.000105452	7.88369
23 	24    	2.03512	2.44488	0.000105452	7.88369
24 	24    	2.03226	2.44982	0.000105452	7.88369
25 	24    	2.02179	2.47241	0.000124226	7.88073
26 	24    	2.00864	2.4998 	0.000124226	7.87892
27 	24    	1.97809	2.56604	3.94139e-05	7.86332
28 	24    	1.97442	2.56999	3.00655e-05	7.83008
29 	24    	1.97377	2.56888	0.000146179	7.83008
30 	24    	1.97287	2.56753	7.34737e-05	7.80896
31 	24    	1.97247	2.56705	7.34737e-05	7.80896
32 	24    	1.97233	2.56649	0.000103911	7.78953
33 	24    	1.97216	2.56624	0.000103911	7.78953
34 	24    	1.9721 	2.56597	0.000103911	7.78953
35 	24    	1.9685 	2.55369	0.000103911	7.78953
36 	24    	1.96152	2.52873	0.000135032	7.80944
37 	24    	1.95121	2.49032	8.96737e-05	7.82122
38 	24    	1.92414	2.38563	7.69415e-05	7.82122
39 	24    	1.89055	2.24736	7.69415e-05	7.67971
40 	24    	1.89015	2.24665	7.69415e-05	7.67829
41 	24    	1.88781	2.24336	7.69415e-05	7.67926
42 	24    	1.88777	2.2432 	7.69415e-05	7.67796
43 	24    	1.88338	2.23734	7.69415e-05	7.67944
44 	24    	1.87679	2.22836	7.69415e-05	7.68207
45 	24    	1.86558	2.21569	7.69415e-05	7.68207
46 	24    	1.84815	2.19143	9.68243e-05	7.68207
47 	24    	1.83646	2.18316	6.63117e-05	7.68095
48 	24    	1.83541	2.18984	6.63117e-05	7.67644
49 	24    	1.83431	2.19922	0.000100317	7.67644
50 	24    	1.82865	2.22587	8.79274e-05	7.6774 
51 	24    	1.82594	2.22166	8.79274e-05	7.67948
52 	24    	1.82145	2.2154 	8.79274e-05	7.67948
53 	24    	1.81266	2.20314	8.79274e-05	7.67948
54 	24    	1.80179	2.18757	8.79274e-05	7.67948
55 	24    	1.7865 	2.16585	9.59672e-05	7.67948
56 	24    	1.77724	2.15296	0.000109595	7.68249
57 	24    	1.77615	2.1525 	7.3849e-05 	7.68249
58 	24    	1.77512	2.15207	7.3849e-05 	7.68011
59 	24    	1.77305	2.15097	7.3849e-05 	7.68019
60 	24    	1.76934	2.14702	7.3849e-05 	7.68019
61 	24    	1.76866	2.14365	7.3849e-05 	7.68011
62 	24    	1.76844	2.14374	7.3849e-05 	7.67869
63 	24    	1.76736	2.14411	0.000140552	7.67869
64 	24    	1.76734	2.14407	8.91299e-05	7.67644
65 	24    	1.76731	2.14419	8.91299e-05	7.67644
66 	24    	1.7673 	2.14423	8.91299e-05	7.67644
67 	24    	1.7663 	2.1446 	8.91299e-05	7.67644
68 	24    	1.76269	2.14442	8.26396e-05	7.67644
69 	24    	1.75697	2.14508	8.26396e-05	7.67541
70 	24    	1.7475 	2.14425	8.26396e-05	7.67702
71 	24    	1.73588	2.14283	8.26396e-05	7.67702
72 	24    	1.73295	2.13277	9.6613e-05 	7.67682
73 	24    	1.72645	2.12172	9.6613e-05 	7.68635
74 	24    	1.72118	2.12275	6.01358e-05	7.67682
75 	24    	1.70672	2.12383	0.000116472	7.67611
76 	24    	1.70605	2.12911	0.000164537	7.68133
77 	24    	1.70579	2.12898	0.000164537	7.68133
78 	24    	1.70565	2.12904	0.000164537	7.68133
79 	24    	1.70561	2.12911	0.000164537	7.68133
80 	24    	1.7039 	2.12896	0.000164537	7.68133
81 	24    	1.70368	2.12885	0.000164537	7.68133
82 	24    	1.70215	2.12895	0.000112482	7.68133
83 	24    	1.69933	2.12888	0.000112482	7.67737
84 	24    	1.69494	2.12871	0.000112482	7.67824
85 	24    	1.69277	2.12913	0.000112482	7.67824
86 	24    	1.68812	2.12869	0.000112482	7.67393
87 	24    	1.679  	2.12904	0.000112482	7.68379
88 	24    	1.67591	2.12343	5.67835e-05	7.68379
89 	24    	1.67242	2.11583	0.000100875	7.68379
90 	24    	1.66633	2.10769	4.05605e-05	7.68379
91 	24    	1.65678	2.10738	4.05605e-05	7.67546
92 	24    	1.6542 	2.1088 	4.05605e-05	7.67843
93 	24    	1.64741	2.11536	4.05605e-05	7.6786 
94 	24    	1.63823	2.13045	9.82823e-05	7.67931
95 	24    	1.61593	2.15813	9.82823e-05	7.67876
96 	24    	1.60898	2.14038	0.000103344	7.68106
97 	24    	1.60527	2.13144	0.000135007	7.68106
98 	24    	1.59792	2.12732	0.00010349 	7.68106
99 	24    	1.59136	2.11305	7.34741e-05	7.6708 
100	24    	1.58694	2.12028	7.34741e-05	7.6708 
101	24    	1.58132	2.12999	7.34741e-05	7.6708 
102	24    	1.57957	2.13171	5.31169e-05	7.6708 
103	24    	1.57477	2.14211	0.00010349 	7.67578
104	24    	1.57093	2.14845	0.00010349 	7.67578
105	24    	1.56226	2.15919	0.00010349 	7.67578
106	24    	1.54956	2.17057	9.47236e-05	7.67391
107	24    	1.54597	2.16368	0.000109836	7.29363
108	24    	1.54538	2.16157	0.000181358	7.29363
109	24    	1.5452 	2.16034	0.000181358	7.28713
110	24    	1.54508	2.15928	0.000181358	7.28892
111	24    	1.54503	2.1585 	0.000181358	7.28619
112	24    	1.54465	2.15737	0.000181358	7.29166
113	24    	1.54424	2.15626	0.000181358	7.29166
114	24    	1.54356	2.15453	0.000181358	7.28778
115	24    	1.5413 	2.15238	0.000103615	7.28598
116	24    	1.53801	2.14832	3.594e-05  	7.28802
117	24    	1.53525	2.14417	0.000103615	7.28802
118	24    	1.53449	2.14372	0.000103615	7.28802
119	24    	1.53089	2.14023	0.000103615	7.28898
120	24    	1.52803	2.13886	8.28813e-05	7.28898
--- 7743.444815158844 seconds ---
ran GA
