slurmstepd: error: task/cgroup: unable to add task[pid=36295] to memory cg '(null)'
preds
RHEB
['PTK2', 'PIK3AP1', 'BCL2']
preds
TSC2
['TSC1', 'THEM4', 'PTEN']
preds
TSC1
['PIK3AP1', 'TSC2', 'DDIT4']
preds
PDPK1
['IRS1', 'CRTC2', 'RAC1']
preds
PTEN
['MDM2', 'MYB', 'G6PC']
preds
IRS1
['PDPK1', 'RAC1', 'GRB2']
preds
GSK3B
['NOS3', 'NR4A1', 'CDKN1B']
preds
CDKN1B
['FOXO3', 'BCL2', 'GSK3B']
preds
FOXO3
['THEM4', 'CDKN1B', 'BCL2']
preds
BAD
['PDPK1', 'RAC1', 'IRS1']
preds
MDM2
['PTEN', 'BCL2', 'PIK3AP1']
preds
BCL2L1
['EIF4E', 'RAC1', 'PTK2']
preds
GRB2
['CDC37', 'CASP9', 'PTK2']
preds
THEM4
['FOXO3', 'NOS3', 'BCL2']
preds
CDC37
['BCL2L1', 'GRB2', 'RAC1']
preds
NOS3
['GSK3B', 'THEM4', 'BCL2']
preds
CRTC2
['RAC1', 'EIF4EBP1', 'PDPK1']
preds
CDKN1A
['BCL2', 'PTEN', 'MCL1']
preds
CASP9
['GRB2', 'PTK2', 'RAC1']
preds
RAF1
['CRTC2', 'IRS1', 'PDPK1']
preds
CD19
['SYK', 'GRB2', 'BCL2L1']
preds
PTK2
['STK11', 'BCL2L1', 'RAC1']
preds
RAC1
['BCL2L1', 'CRTC2', 'IRS1']
preds
BRCA1
['RAC1', 'STK11', 'GRB2']
preds
BCL2
['MDM2', 'NOS3', 'CDKN1B']
preds
MCL1
['PIK3AP1', 'PTEN', 'THEM4']
preds
MYB
['PTEN', 'THEM4', 'PIK3AP1']
preds
PIK3AP1
['TSC1', 'MCL1', 'MYB']
preds
NR4A1
['NOS3', 'GSK3B', 'MCL1']
gen	nevals	avg   	std    	min       	max    
0  	24    	8.6162	5.47312	0.00041469	21.7352
1  	24    	7.95714	5.07418	0.0673722 	24.9669
2  	24    	7.67315	4.8833 	0.0673722 	24.9669
3  	24    	7.26837	4.66375	0.0742051 	24.9594
4  	24    	6.95893	4.7902 	0.00401062	24.8149
5  	24    	6.61584	4.61156	0.0679724 	25.0094
6  	24    	6.27759	4.38455	0.0438595 	24.9955
7  	24    	6.06696	4.17889	0.0670074 	24.9953
8  	24    	5.89754	4.14902	0.0670074 	24.9996
9  	24    	5.7364 	4.14382	0.0665043 	25.0106
10 	24    	5.58476	4.04779	0.0665043 	25.0106
11 	24    	5.53603	4.02139	0.0665043 	25.0106
12 	24    	5.48753	3.94238	0.0690518 	24.948 
13 	24    	5.37096	3.82498	0.0685528 	24.9808
14 	24    	5.28181	3.70831	0.0685528 	24.9823
15 	24    	5.19256	3.42387	0.0685528 	24.9802
16 	24    	5.15073	3.08308	0.0683481 	13.6763
17 	24    	5.14476	3.07239	0.0683481 	13.6715
18 	24    	5.10703	3.00141	0.0683481 	13.6565
19 	24    	5.0436 	2.87644	0.0680521 	13.653 
20 	24    	5.00616	2.79409	0.0677365 	11.8213
21 	24    	4.97603	2.7248 	0.0684261 	11.8213
22 	24    	4.941  	2.64853	0.0685079 	11.8211
23 	24    	4.93099	2.64798	0.0685079 	11.8211
24 	24    	4.91708	2.65941	0.0691212 	11.8211
25 	24    	4.89728	2.66399	0.0691212 	11.8211
26 	24    	4.85857	2.67359	0.0690483 	11.8202
27 	24    	4.80075	2.58158	0.0524313 	11.8208
28 	24    	4.7513 	2.56826	0.0524313 	11.8208
29 	24    	4.72256	2.56025	0.0508619 	11.8208
30 	24    	4.70753	2.56512	0.0496145 	11.8208
31 	24    	4.68062	2.57175	0.0496145 	11.8203
32 	24    	4.66737	2.56862	0.0487285 	11.8198
33 	24    	4.65627	2.5404 	0.0492109 	11.8209
34 	24    	4.64662	2.52768	0.049704  	11.8209
35 	24    	4.62023	2.44348	0.0496832 	11.8209
36 	24    	4.59219	2.36062	0.0484492 	11.8209
37 	24    	4.56149	2.2284 	0.0661995 	11.0292
38 	24    	4.55404	2.23054	0.0682926 	10.8499
39 	24    	4.552  	2.22966	0.070865  	10.8499
40 	24    	4.55148	2.22954	0.0717674 	10.8499
41 	24    	4.54777	2.23225	0.0717674 	10.8499
42 	24    	4.54101	2.23363	0.0690176 	10.8499
43 	24    	4.51535	2.2474 	0.0690176 	11.3901
44 	24    	4.5046 	2.26025	0.0707223 	11.3928
45 	24    	4.4932 	2.3578 	0.0683035 	14.1342
46 	24    	4.48052	2.43904	0.0679111 	14.1342
47 	24    	4.46235	2.54256	0.0679111 	14.1342
48 	24    	4.44846	2.5499 	0.0679111 	14.1342
49 	24    	4.41063	2.55107	0.0679885 	14.1342
50 	24    	4.38823	2.53313	0.0706689 	14.1342
51 	24    	4.35532	2.5134 	0.0706689 	14.1342
52 	24    	4.3287 	2.44069	0.0706689 	14.1342
53 	24    	4.29671	2.42094	0.0666999 	11.4036
54 	24    	4.26119	2.40691	0.0666999 	11.4036
55 	24    	4.23091	2.402  	0.0666999 	11.4036
56 	24    	4.20894	2.36109	0.0666999 	11.3878
57 	24    	4.20108	2.3459 	0.0666999 	11.3878
58 	24    	4.19385	2.36483	0.0725966 	11.3878
59 	24    	4.18581	2.3626 	0.0652596 	11.3878
60 	24    	4.16186	2.35633	0.0652596 	11.3878
61 	24    	4.1385 	2.36432	0.0652596 	11.1815
62 	24    	4.12949	2.34885	0.0725782 	11.1749
63 	24    	4.10405	2.30807	0.0733694 	11.3273
64 	24    	4.07389	2.25801	0.0733694 	11.3273
65 	24    	4.05565	2.22963	0.0716689 	10.2129
66 	24    	4.0509 	2.22662	0.0716689 	10.2204
67 	24    	4.04493	2.22814	0.0733745 	10.4277
68 	24    	4.03864	2.22604	0.0639053 	10.4277
69 	24    	4.01966	2.20373	0.0639053 	10.2097
70 	24    	4.01323	2.18003	0.0639053 	10.2059
71 	24    	4.00551	2.12841	0.0639053 	10.2038
72 	24    	3.99527	2.15082	0.0639053 	10.1762
73 	24    	3.99073	2.15083	0.0711758 	10.1762
74 	24    	3.98102	2.14738	0.0687803 	10.1595
75 	24    	3.96766	2.14319	0.0687803 	10.1541
76 	24    	3.94845	2.13029	0.0687803 	10.1541
77 	24    	3.93686	2.12381	0.0687803 	10.1541
78 	24    	3.91002	2.09584	0.0687803 	10.1541
79 	24    	3.87635	2.08341	0.0687803 	10.1461
80 	24    	3.84912	2.09804	0.0686314 	10.1656
81 	24    	3.82405	2.11055	0.0686314 	10.1656
82 	24    	3.80302	2.08802	0.0686314 	10.1656
83 	24    	3.76073	2.04844	0.0702472 	10.1547
84 	24    	3.73889	2.03054	0.0698011 	10.153 
85 	24    	3.73645	2.03008	0.0704106 	10.153 
86 	24    	3.73235	2.02828	0.0710947 	10.1471
87 	24    	3.72488	2.02597	0.0710947 	10.1518
88 	24    	3.71689	2.02379	0.0718066 	10.1518
89 	24    	3.70839	2.02912	0.0718066 	10.1518
90 	24    	3.70071	2.02142	0.0718066 	10.1501
91 	24    	3.68668	2.00227	0.0711564 	10.1549
92 	24    	3.67586	1.9881 	0.0706993 	10.1549
93 	24    	3.65996	1.9625 	0.0706993 	10.1549
94 	24    	3.62784	1.91335	0.0706993 	10.1544
95 	24    	3.62068	1.91023	0.0704174 	10.1497
96 	24    	3.61995	1.91048	0.0711564 	10.1512
97 	24    	3.61961	1.91058	0.0730546 	10.1512
98 	24    	3.61607	1.91364	0.0730546 	10.162 
99 	24    	3.61255	1.91713	0.0730546 	10.162 
100	24    	3.60916	1.91987	0.0674763 	10.162 
101	24    	3.60003	1.92824	0.0674763 	10.1512
102	24    	3.58769	1.93984	0.0674763 	10.1512
103	24    	3.57509	1.95061	0.0674763 	10.1467
104	24    	3.5639 	1.96049	0.0674763 	10.155 
105	24    	3.55828	1.96338	0.0675129 	10.1502
106	24    	3.55474	1.96578	0.0675129 	10.1492
107	24    	3.54868	1.97033	0.0675129 	10.1492
108	24    	3.54142	1.97522	0.0675129 	10.1492
109	24    	3.52998	1.9917 	0.0649632 	10.1514
110	24    	3.52314	1.9998 	0.0676558 	10.1514
111	24    	3.51567	2.00821	0.0676558 	10.1514
112	24    	3.51243	2.01143	0.0676558 	10.158 
113	24    	3.51223	2.01176	0.0676558 	10.1584
114	24    	3.50898	2.01445	0.0676558 	10.1597
115	24    	3.50557	2.01697	0.0640675 	10.1584
116	24    	3.50522	2.01644	0.0640675 	10.1584
117	24    	3.50467	2.01591	0.0640675 	10.1584
118	24    	3.49773	2.02045	0.0640675 	10.1575
119	24    	3.48529	2.02936	0.0640675 	10.1575
120	24    	3.47058	2.04337	0.0647277 	10.1421
--- 19460.0423848629 seconds ---
ran GA
