slurmstepd: error: task/cgroup: unable to add task[pid=36097] to memory cg '(null)'
preds
RHEB
['RAC1', 'IRS1', 'MYB']
preds
TSC2
['MCL1', 'PIK3AP1', 'BCL2']
preds
TSC1
['BCL2', 'PTEN', 'MDM2']
preds
PDPK1
['IRS1', 'CRTC2', 'RAC1']
preds
PTEN
['MDM2', 'BCL2', 'MYB']
preds
IRS1
['PDPK1', 'RAC1', 'CDC37']
preds
GSK3B
['NOS3', 'BCL2', 'CCND1']
preds
CDKN1B
['THEM4', 'FOXO3', 'CDKN1A']
preds
FOXO3
['THEM4', 'CDKN1B', 'BCL2']
preds
BAD
['PDPK1', 'RAC1', 'GRB2']
preds
MDM2
['PTEN', 'MYB', 'NR4A1']
preds
BCL2L1
['RAC1', 'CDC37', 'GRB2']
preds
GRB2
['CDC37', 'BCL2L1', 'CASP9']
preds
THEM4
['CDKN1B', 'FOXO3', 'BCL2']
preds
CDC37
['CASP9', 'BCL2L1', 'GRB2']
preds
NOS3
['GSK3B', 'NR4A1', 'CDKN1B']
preds
CRTC2
['PTK2', 'PDPK1', 'BCL2L1']
preds
CDKN1A
['CDKN1B', 'PTEN', 'FOXO3']
preds
CASP9
['CDC37', 'GRB2', 'EIF4EBP1']
preds
RAF1
['RAC1', 'PTK2', 'BCL2L1']
preds
CD19
['GRB2', 'BCL2L1', 'IRS1']
preds
PTK2
['CRTC2', 'RAC1', 'CDC37']
preds
RAC1
['RHEB', 'BCL2L1', 'STK11']
preds
BRCA1
['RAC1', 'CRTC2', 'PTK2']
preds
BCL2
['PTEN', 'THEM4', 'GSK3B']
preds
MCL1
['TSC2', 'PIK3AP1', 'PTEN']
preds
MYB
['MDM2', 'PTEN', 'CDKN1B']
preds
PIK3AP1
['MCL1', 'TSC2', 'MYB']
preds
NR4A1
['NOS3', 'GSK3B', 'MDM2']
gen	nevals	avg    	std    	min       	max    
0  	24    	10.0592	5.67752	0.00782544	21.7352
1  	24    	8.83694	5.35102	0.286505  	21.7352
2  	24    	8.37784	5.26885	0.286505  	21.7352
3  	24    	7.98864	5.00522	0.137352  	21.7352
4  	24    	7.78096	4.92841	0.039283  	24.6422
5  	24    	7.60717	4.84665	0.039283  	24.6422
6  	24    	7.25907	4.65542	0.039283  	24.6422
7  	24    	6.88033	4.38129	0.038307  	24.6438
8  	24    	6.46286	4.03133	0.038307  	24.6438
9  	24    	6.25948	3.91292	0.038307  	24.6438
10 	24    	6.14802	3.56345	0.0427372 	24.6304
11 	24    	6.08709	3.4707 	0.0427372 	24.6304
12 	24    	6.04036	3.40105	0.220512  	18.0271
13 	24    	5.95445	3.35506	0.225567  	18.0271
14 	24    	5.86654	3.24672	0.277927  	18.0112
15 	24    	5.78963	3.17557	0.35457   	18.0112
16 	24    	5.72456	3.08166	0.35457   	18.0112
17 	24    	5.65465	2.95555	0.35419   	18.0112
18 	24    	5.56008	2.82733	0.392203  	18.0112
19 	24    	5.47942	2.90369	0.392203  	19.8431
20 	24    	5.31524	2.86554	0.170079  	11.7424
21 	24    	5.30512	2.85339	0.0732384 	11.7437
22 	24    	5.29455	2.83751	0.0732384 	11.7437
23 	24    	5.25999	2.79402	0.0732384 	11.7437
24 	24    	5.23062	2.7493 	0.07307   	11.7291
25 	24    	5.17419	2.69044	0.07307   	11.7512
26 	24    	5.11576	2.63603	0.0731082 	11.7348
27 	24    	5.09325	2.58116	0.0733392 	11.7348
28 	24    	5.06381	2.507  	0.0659385 	11.1574
29 	24    	5.05663	2.49987	0.163425  	11.1516
30 	24    	5.05044	2.49854	0.163425  	11.1454
31 	24    	5.04285	2.49706	0.163425  	11.1489
32 	24    	5.03868	2.49503	0.162724  	11.1414
33 	24    	5.03489	2.49326	0.162724  	11.1455
34 	24    	5.02859	2.49115	0.162724  	11.1493
35 	24    	4.99398	2.4716 	0.165226  	11.6402
36 	24    	4.96461	2.45483	0.173367  	11.6402
37 	24    	4.95558	2.4507 	0.352077  	11.151 
38 	24    	4.95273	2.44953	0.138457  	11.151 
39 	24    	4.94845	2.45722	0.138457  	11.151 
40 	24    	4.94699	2.45689	0.138457  	11.1519
41 	24    	4.9421 	2.46407	0.138457  	11.1519
42 	24    	4.93551	2.46233	0.138215  	11.1519
43 	24    	4.9283 	2.47189	0.137938  	11.1535
44 	24    	4.91303	2.49039	0.137422  	11.155 
45 	24    	4.89976	2.53246	0.137422  	11.1607
46 	24    	4.89433	2.54496	0.137384  	11.1607
47 	24    	4.89056	2.53523	0.134542  	11.1535
48 	24    	4.89026	2.54573	0.134542  	11.1535
49 	24    	4.88514	2.55482	0.134542  	11.1535
50 	24    	4.8799 	2.54878	0.134311  	11.1535
51 	24    	4.87369	2.51586	0.134311  	11.1535
52 	24    	4.84642	2.51249	0.134546  	11.1513
53 	24    	4.8276 	2.52229	0.134647  	11.1537
54 	24    	4.82416	2.52515	0.13448   	11.1537
55 	24    	4.81234	2.54768	0.134007  	11.1621
56 	24    	4.80179	2.54788	0.134357  	11.1621
57 	24    	4.7963 	2.53989	0.134297  	11.155 
58 	24    	4.78596	2.53098	0.134266  	11.1468
59 	24    	4.7753 	2.52713	0.134266  	11.1492
60 	24    	4.76512	2.53463	0.134092  	11.1492
61 	24    	4.75983	2.53653	0.134092  	11.1529
62 	24    	4.75836	2.53564	0.134092  	11.1557
63 	24    	4.75634	2.53517	0.134465  	11.1557
64 	24    	4.75087	2.53287	0.133944  	11.1557
65 	24    	4.7413 	2.53131	0.133944  	11.1525
66 	24    	4.73572	2.52488	0.133936  	11.1525
67 	24    	4.73518	2.52451	0.133936  	11.1547
68 	24    	4.72769	2.511  	0.133982  	11.159 
69 	24    	4.70741	2.47436	0.134623  	11.1569
70 	24    	4.66877	2.40652	0.134583  	11.1569
71 	24    	4.63363	2.35006	0.133915  	11.1473
72 	24    	4.6196 	2.34347	0.135076  	11.151 
73 	24    	4.57977	2.29048	0.138162  	11.1634
74 	24    	4.52678	2.24496	0.138162  	11.1634
75 	24    	4.47349	2.13783	0.290752  	11.1634
76 	24    	4.45764	2.16087	0.290752  	11.1559
77 	24    	4.45679	2.16029	0.290752  	11.1559
78 	24    	4.45321	2.15956	0.234558  	11.1559
79 	24    	4.45186	2.16005	0.234558  	11.1559
80 	24    	4.44377	2.16021	0.232267  	11.153 
81 	24    	4.43712	2.16151	0.230021  	11.153 
82 	24    	4.42656	2.16413	0.230021  	11.153 
83 	24    	4.41035	2.16348	0.230021  	11.1572
84 	24    	4.39972	2.15763	0.226986  	11.1572
85 	24    	4.38289	2.14847	0.226946  	11.153 
86 	24    	4.38114	2.14873	0.225381  	11.1584
87 	24    	4.37679	2.14702	0.225381  	11.159 
88 	24    	4.37171	2.14627	0.226946  	11.1519
89 	24    	4.35983	2.14368	0.226986  	11.1519
90 	24    	4.353  	2.15287	0.226918  	11.1558
91 	24    	4.34357	2.14949	0.227194  	11.1558
92 	24    	4.3259 	2.13473	0.227304  	11.1566
93 	24    	4.31013	2.11903	0.149624  	11.1647
94 	24    	4.30266	2.12148	0.149624  	11.1647
95 	24    	4.29589	2.13339	0.149624  	11.1533
96 	24    	4.29412	2.13159	0.209814  	11.1618
97 	24    	4.29361	2.13112	0.209814  	11.1618
98 	24    	4.29232	2.13273	0.157163  	11.1618
99 	24    	4.29038	2.13716	0.152863  	11.1618
100	24    	4.28818	2.14466	0.152863  	11.1618
101	24    	4.28651	2.15232	0.152454  	11.1618
102	24    	4.28121	2.15314	0.143047  	11.1618
103	24    	4.27345	2.14431	0.141969  	11.1489
104	24    	4.26472	2.11976	0.138712  	11.1489
105	24    	4.25896	2.08275	0.138205  	11.1517
106	24    	4.24496	1.98638	0.109069  	11.1517
107	24    	4.22403	1.89646	0.109069  	9.29921
108	24    	4.22263	1.89341	0.133178  	9.30248
109	24    	4.2217 	1.89342	0.133178  	9.30248
110	24    	4.22116	1.89384	0.133178  	9.30248
111	24    	4.22066	1.89387	0.133178  	9.30248
112	24    	4.22041	1.89396	0.133178  	9.30248
113	24    	4.21981	1.894  	0.133178  	9.30704
114	24    	4.21976	1.89416	0.133178  	9.30704
115	24    	4.21963	1.89402	0.133178  	9.30704
116	24    	4.21876	1.89526	0.133178  	9.47045
117	24    	4.21823	1.89714	0.133178  	9.47045
118	24    	4.21727	1.8986 	0.133178  	9.48754
119	24    	4.21602	1.90206	0.133178  	9.50649
120	24    	4.21484	1.9055 	0.133178  	9.50649
--- 20172.635120153427 seconds ---
ran GA
