preds
ARNT
['EP300', 'IFNG', 'TF']
preds
EP300
['ARNT', 'TF', 'TFRC']
preds
HIF1A
['VHL', 'BCL2', 'TLR4']
gen	nevals	avg    	std   	min      	max    
0  	24    	9.06264	5.4175	0.0766453	20.7127
1  	24    	7.58475	4.89536	0.0467795	20.7127
2  	24    	6.48418	4.40434	0.0467795	20.7127
3  	24    	5.85909	3.56494	0.0467795	20.7127
4  	24    	5.40456	2.85451	0.358737 	20.7127
5  	24    	5.19432	2.4286 	0.662225 	18.5625
6  	24    	5.06586	2.28684	0.662225 	15.69  
7  	24    	4.95933	2.14144	0.662225 	12.4763
8  	24    	4.81848	2.03746	0.641704 	12.4746
9  	24    	4.69177	2.07077	0.641704 	12.4746
10 	24    	4.55104	1.92335	0.640926 	11.8969
11 	24    	4.50796	1.73458	0.662225 	7.28911
12 	24    	4.50363	1.74077	0.662225 	7.28911
13 	24    	4.49509	1.7379 	0.662225 	7.28911
14 	24    	4.46265	1.75623	0.662225 	7.28911
15 	24    	4.40613	1.763  	0.662225 	7.28911
16 	24    	4.3429 	1.67856	0.662225 	6.85981
17 	24    	4.32288	1.65697	0.662225 	6.58367
18 	24    	4.32269	1.65688	0.662225 	6.58367
19 	24    	4.32255	1.65658	0.662225 	6.57353
20 	24    	4.32244	1.65647	0.662225 	6.57353
21 	24    	4.32231	1.65631	0.662225 	6.57185
22 	24    	4.32222	1.65634	0.662225 	6.57897
23 	24    	4.3221 	1.65616	0.662225 	6.57897
24 	24    	4.32205	1.65603	0.662225 	6.57897
25 	24    	4.32205	1.65602	0.662225 	6.57897
26 	24    	4.32199	1.65593	0.662225 	6.57897
27 	24    	4.32196	1.65602	0.662225 	6.57897
28 	24    	4.32191	1.65603	0.662225 	6.57897
29 	24    	4.31496	1.65365	0.662225 	6.60113
30 	24    	4.31495	1.65366	0.662225 	6.60113
31 	24    	4.30089	1.64863	0.662225 	6.60113
32 	24    	4.28319	1.64497	0.662225 	6.60113
33 	24    	4.24368	1.6439 	0.662225 	6.60801
34 	24    	4.23277	1.6915 	0.662225 	6.60801
35 	24    	4.23243	1.6906 	0.662225 	6.60004
36 	24    	4.23229	1.69026	0.662225 	6.59876
37 	24    	4.23218	1.6899 	0.662225 	6.59767
38 	24    	4.23214	1.68988	0.662225 	6.5979 
39 	24    	4.23203	1.68956	0.662225 	6.59549
40 	24    	4.23202	1.68952	0.662225 	6.59451
41 	24    	4.232  	1.68947	0.662225 	6.59451
42 	24    	4.23199	1.68937	0.662225 	6.59351
43 	24    	4.23195	1.68948	0.662225 	6.59598
44 	24    	4.22968	1.68732	0.662225 	6.59598
45 	24    	4.22967	1.68717	0.662225 	6.59598
46 	24    	4.22739	1.68526	0.662225 	6.60275
47 	24    	4.22514	1.6831 	0.662225 	6.60275
48 	24    	4.21828	1.67665	0.662225 	6.60275
49 	24    	4.20924	1.66831	0.662225 	6.60466
50 	24    	4.189  	1.6487 	0.662225 	6.60466
51 	24    	4.17715	1.63832	0.662225 	6.60533
52 	24    	4.17662	1.63877	0.662225 	6.60533
53 	24    	4.17606	1.63935	0.662225 	6.60911
54 	24    	4.17359	1.64224	0.662225 	6.60533
55 	24    	4.17064	1.6453 	0.662225 	6.61482
56 	24    	4.1659 	1.65026	0.662225 	6.61482
57 	24    	4.16563	1.64969	0.662225 	6.61482
58 	24    	4.16552	1.64971	0.662225 	6.61482
59 	24    	4.16548	1.64957	0.662225 	6.61482
60 	24    	4.16545	1.64939	0.662225 	6.60471
61 	24    	4.16545	1.64947	0.662225 	6.60471
62 	24    	4.16534	1.64916	0.662225 	6.60471
63 	24    	4.16529	1.64924	0.662225 	6.61184
64 	24    	4.16528	1.64905	0.662225 	6.60463
65 	24    	4.16526	1.64897	0.662225 	6.60463
66 	24    	4.16525	1.64897	0.662225 	6.60463
67 	24    	4.16448	1.64951	0.662225 	6.60947
68 	24    	4.16374	1.64996	0.662225 	6.60947
69 	24    	4.16301	1.65038	0.662225 	6.60947
70 	24    	4.16159	1.65155	0.662225 	6.60947
71 	24    	4.15945	1.6532 	0.662225 	6.60947
72 	24    	4.15663	1.6556 	0.662225 	6.60947
73 	24    	4.15254	1.65882	0.662225 	6.60728
74 	24    	4.14836	1.6622 	0.662225 	6.60728
75 	24    	4.14819	1.66193	0.662225 	6.60728
76 	24    	4.14806	1.66218	0.662225 	6.60728
77 	24    	4.14801	1.66257	0.662225 	6.60728
78 	24    	4.14597	1.68328	0.662225 	8.48036
79 	24    	4.14391	1.70389	0.662225 	8.5013 
80 	24    	4.13695	1.7253 	0.662225 	8.5013 
81 	24    	4.12711	1.82438	0.662225 	8.53036
82 	24    	4.11515	1.93671	0.662225 	8.53036
83 	24    	4.097  	2.09367	0.662225 	8.53036
84 	24    	4.09304	2.08953	0.662225 	8.51306
85 	24    	4.09199	2.08701	0.662225 	8.51306
86 	24    	4.09113	2.08261	0.662225 	8.49308
87 	24    	4.0858 	2.06209	0.662225 	8.55763
88 	24    	4.07822	2.02598	0.662225 	8.55763
89 	24    	4.04986	1.89749	0.662225 	8.54751
90 	24    	4.0373 	1.88096	0.662225 	8.53093
91 	24    	4.03511	1.7895 	0.662225 	8.47129
92 	24    	4.03371	1.69269	0.662225 	6.6045 
93 	24    	4.03352	1.69281	0.662225 	6.6045 
94 	24    	4.03334	1.69295	0.662225 	6.6051 
95 	24    	4.0333 	1.6931 	0.662225 	6.6051 
96 	24    	4.03326	1.69287	0.662225 	6.6051 
97 	24    	4.03143	1.6944 	0.662225 	6.60326
98 	24    	4.02961	1.69595	0.662225 	6.60326
99 	24    	4.02781	1.69759	0.662225 	6.6022 
100	24    	4.0207 	1.70404	0.662225 	6.603  
101	24    	4.01248	1.71166	0.662225 	6.60403
102	24    	3.99817	1.7253 	0.662225 	6.60695
103	24    	3.99042	1.73065	0.662225 	6.60695
104	24    	3.98896	1.73353	0.662225 	6.60708
105	24    	3.98816	1.73598	0.662225 	6.60708
106	24    	3.98586	1.74009	0.662225 	6.60708
107	24    	3.98275	1.7462 	0.662225 	6.61112
108	24    	3.98055	1.75005	0.662225 	6.61112
109	24    	3.97249	1.76805	0.662225 	6.61112
110	24    	3.9611 	1.78406	0.662225 	6.60815
111	24    	3.95652	1.78347	0.662225 	6.60674
112	24    	3.94405	1.78357	0.662225 	6.60674
113	24    	3.9352 	1.78351	0.662225 	6.60674
114	24    	3.90915	1.78418	0.662225 	6.60674
115	24    	3.87797	1.78433	0.777473 	6.60727
116	24    	3.87295	1.78515	0.77018  	6.60727
117	24    	3.86656	1.7868 	0.777112 	6.60727
118	24    	3.86017	1.78532	0.772083 	6.60454
119	24    	3.85387	1.784  	0.770853 	6.60454
120	24    	3.84816	1.78217	0.765448 	6.60454
--- 6946.304398059845 seconds ---
ran GA
