slurmstepd: error: task/cgroup: unable to add task[pid=11375] to memory cg '(null)'
preds
ITGB1
['ICAM1', 'F11R', 'ITGAL']
preds
ITGAL
['SELL', 'JAM3', 'MADCAM1']
preds
CD226
['CD28', 'CD86', 'ITGAL']
preds
ITGA4
['CD28', 'JAM3', 'MADCAM1']
preds
ICAM1
['ITGB1', 'ICAM2', 'SELPLG']
preds
JAM3
['MADCAM1', 'ITGA4', 'ITGAL']
preds
F11R
['ICAM3', 'ITGB1', 'ITGA4']
gen	nevals	avg    	std    	min        	max    
0  	24    	4.94056	6.28253	3.81435e-05	23.1651
1  	24    	4.03645	5.01777	3.81435e-05	23.1651
2  	24    	3.68083	4.46885	7.65709e-05	23.0471
3  	24    	3.42883	4.05023	0.000164667	20.7222
4  	24    	3.22419	3.61119	0.000120335	18.512 
5  	24    	3.08339	3.32799	0.000107067	16.089 
6  	24    	2.98877	3.17632	0.000118626	11.9691
7  	24    	2.86918	3.04436	9.73603e-05	11.9691
8  	24    	2.8122 	3.04291	0.000125132	12.0038
9  	24    	2.79307	3.02104	0.00013055 	12.0038
10 	24    	2.73308	2.92987	0.00013055 	12.0038
11 	24    	2.63512	2.80075	4.32291e-05	11.9683
12 	24    	2.60645	2.75229	4.32291e-05	11.7983
13 	24    	2.56508	2.65324	4.32291e-05	11.3454
14 	24    	2.51866	2.49423	9.14422e-05	7.50645
15 	24    	2.51774	2.49364	0.000134795	7.50645
16 	24    	2.51725	2.49329	0.000109212	7.50645
17 	24    	2.5167 	2.49291	9.60817e-05	7.50645
18 	24    	2.5166 	2.49284	9.60817e-05	7.50645
19 	24    	2.51644	2.49274	6.98054e-05	7.50645
20 	24    	2.51641	2.49272	6.98054e-05	7.50645
21 	24    	2.51384	2.49012	5.52094e-05	7.69412
22 	24    	2.5108 	2.48745	5.52094e-05	7.69701
23 	24    	2.5061 	2.48265	5.52094e-05	7.70884
24 	24    	2.5018 	2.48013	5.52094e-05	7.70906
25 	24    	2.49146	2.47041	5.52094e-05	7.71484
26 	24    	2.48357	2.46016	5.52094e-05	7.73009
27 	24    	2.46438	2.43279	5.52094e-05	7.73009
28 	24    	2.45843	2.43032	5.52094e-05	7.73009
29 	24    	2.45408	2.42859	0.000127533	7.73337
30 	24    	2.45347	2.42826	0.000127533	7.72396
31 	24    	2.45308	2.42793	0.000127533	7.72396
32 	24    	2.45284	2.42793	0.000147687	7.72396
33 	24    	2.45179	2.42753	0.000110453	7.72375
34 	24    	2.44994	2.42717	6.21653e-05	7.72375
35 	24    	2.44635	2.42547	6.21653e-05	7.72375
36 	24    	2.43662	2.42001	6.21653e-05	7.72375
37 	24    	2.42995	2.41926	6.21653e-05	7.72649
38 	24    	2.42935	2.42081	0.000198623	7.72649
39 	24    	2.42648	2.41676	0.000198623	7.71786
40 	24    	2.42278	2.41204	0.000108266	7.71878
41 	24    	2.41834	2.40609	0.000108266	7.71304
42 	24    	2.40881	2.39049	0.000108266	7.73093
43 	24    	2.40843	2.39022	9.94112e-05	7.72674
44 	24    	2.40837	2.3902 	9.94112e-05	7.72674
45 	24    	2.40816	2.38989	0.000218487	7.71869
46 	24    	2.40531	2.38697	0.00017322 	7.72386
47 	24    	2.39775	2.3829 	0.00017322 	9.10631
48 	24    	2.38846	2.37392	0.00017322 	9.10631
49 	24    	2.37833	2.36055	0.00017322 	7.72642
50 	24    	2.37044	2.35275	0.000121695	7.73322
51 	24    	2.36618	2.34857	2.43933e-05	7.72202
52 	24    	2.36578	2.34821	9.08917e-05	7.72202
53 	24    	2.36555	2.34795	9.25208e-05	7.71986
54 	24    	2.36543	2.34771	9.25208e-05	7.71986
55 	24    	2.36528	2.34763	9.25208e-05	7.73163
56 	24    	2.36521	2.34759	9.25208e-05	7.73163
57 	24    	2.36511	2.34741	9.25208e-05	7.73163
58 	24    	2.36504	2.34739	9.25208e-05	7.73163
59 	24    	2.36503	2.3474 	9.25208e-05	7.73163
60 	24    	2.36498	2.34734	9.63059e-05	7.73163
61 	24    	2.36495	2.34738	9.63059e-05	7.73163
62 	24    	2.36494	2.34737	9.63059e-05	7.73163
63 	24    	2.36494	2.3474 	9.63059e-05	7.73163
64 	24    	2.36494	2.3474 	9.63059e-05	7.73163
65 	24    	2.36494	2.3474 	9.63059e-05	7.73163
66 	24    	2.36494	2.34744	9.63059e-05	7.73163
67 	24    	2.3649 	2.34735	9.75733e-05	7.73163
68 	24    	2.3649 	2.34735	9.75733e-05	7.73163
69 	24    	2.36484	2.34734	8.39401e-05	7.73163
70 	24    	2.36484	2.3474 	8.39401e-05	7.73163
71 	24    	2.36483	2.34732	8.39401e-05	7.73163
72 	24    	2.36481	2.34734	8.39401e-05	7.73163
73 	24    	2.36478	2.34733	8.39401e-05	7.73163
74 	24    	2.36478	2.34733	8.39401e-05	7.73163
75 	24    	2.36478	2.34733	8.39401e-05	7.73163
76 	24    	2.36455	2.3473 	8.39401e-05	7.73163
77 	24    	2.36384	2.3475 	8.39401e-05	7.73163
78 	24    	2.36215	2.34763	8.39401e-05	7.71834
79 	24    	2.36022	2.34814	0.000144084	7.71834
80 	24    	2.35895	2.34302	0.000144084	7.71834
81 	24    	2.35797	2.3384 	0.000133982	7.71834
82 	24    	2.35626	2.32884	0.000133982	7.71834
83 	24    	2.3534 	2.32607	0.000133982	7.71834
84 	24    	2.34081	2.29231	9.14882e-05	7.71834
85 	24    	2.33503	2.25593	9.14882e-05	7.71834
86 	24    	2.32948	2.25759	9.14882e-05	7.71404
87 	24    	2.31616	2.27984	0.000126059	7.71404
88 	24    	2.29018	2.30661	0.000176778	7.71404
89 	24    	2.25627	2.31465	7.08425e-05	7.71745
90 	24    	2.22076	2.31129	0.000114786	12.0466
91 	24    	2.21084	2.29566	0.000114786	6.74873
92 	24    	2.20987	2.29917	0.000114786	6.74873
93 	24    	2.2094 	2.30164	0.000114786	6.74873
94 	24    	2.20837	2.30826	0.000114786	6.75279
95 	24    	2.20653	2.31623	0.000114786	6.90223
96 	24    	2.20474	2.32015	0.000114786	6.74766
97 	24    	2.20361	2.31838	6.98862e-05	6.51639
98 	24    	2.20218	2.31697	2.58379e-05	6.51935
99 	24    	2.19809	2.31346	2.58379e-05	6.51612
100	24    	2.18781	2.30415	0.000118585	6.51873
101	24    	2.17654	2.29503	0.000121805	6.51873
102	24    	2.16705	2.28822	0.000149755	6.51916
103	24    	2.15631	2.28106	0.000246353	6.51916
104	24    	2.15432	2.27767	0.000131562	6.53253
105	24    	2.15163	2.27046	0.000131562	6.53253
106	24    	2.14731	2.2669 	0.000131562	6.53253
107	24    	2.14149	2.2641 	0.000130729	6.53253
108	24    	2.13443	2.25971	0.000159857	6.15328
109	24    	2.134  	2.25946	8.68218e-05	6.15328
110	24    	2.13388	2.25928	8.68218e-05	6.16004
111	24    	2.1335 	2.25915	8.68218e-05	6.16004
112	24    	2.13336	2.25888	8.68218e-05	6.16004
113	24    	2.13249	2.2586 	0.000159857	6.16004
114	24    	2.13218	2.25841	6.18546e-05	6.16004
115	24    	2.13156	2.25822	6.18546e-05	6.15983
116	24    	2.13017	2.25782	6.18546e-05	6.15983
117	24    	2.12723	2.25744	6.78933e-05	6.15921
118	24    	2.12582	2.25697	6.78933e-05	6.15921
119	24    	2.12574	2.2569 	6.78933e-05	6.15921
120	24    	2.12569	2.25683	0.00014558 	6.15921
--- 8187.799874305725 seconds ---
ran GA
