slurmstepd: error: task/cgroup: unable to add task[pid=36349] to memory cg '(null)'
preds
RHEB
['CDC37', 'PIK3AP1', 'CDKN1A']
preds
TSC2
['MCL1', 'BCL2', 'PTEN']
preds
TSC1
['CDKN1B', 'THEM4', 'MYB']
preds
PDPK1
['IRS1', 'RAC1', 'BCL2L1']
preds
PTEN
['MDM2', 'BCL2', 'GSK3B']
preds
IRS1
['PDPK1', 'PTK2', 'CRTC2']
preds
GSK3B
['MYB', 'MDM2', 'PTEN']
preds
CDKN1B
['THEM4', 'NR4A1', 'FOXO3']
preds
FOXO3
['THEM4', 'NR4A1', 'CDKN1B']
preds
BAD
['PDPK1', 'IRS1', 'PTK2']
preds
MDM2
['PTEN', 'GSK3B', 'BCL2']
preds
BCL2L1
['IRS1', 'PTK2', 'CDC37']
preds
GRB2
['CDC37', 'BCL2L1', 'PTK2']
preds
THEM4
['CDKN1B', 'FOXO3', 'NOS3']
preds
CDC37
['CASP9', 'BCL2L1', 'GRB2']
preds
NOS3
['GSK3B', 'THEM4', 'MYB']
preds
CRTC2
['IRS1', 'RAC1', 'BCL2L1']
preds
CDKN1A
['BCL2', 'FOXO3', 'GSK3B']
preds
CASP9
['CDC37', 'PTK2', 'PDPK1']
preds
RAF1
['RAC1', 'PTK2', 'BCL2L1']
preds
CD19
['GRB2', 'CASP9', 'PDPK1']
preds
PTK2
['IRS1', 'BCL2L1', 'RAC1']
preds
RAC1
['CRTC2', 'EIF4EBP1', 'IRS1']
preds
BRCA1
['RAC1', 'CRTC2', 'CDC37']
preds
BCL2
['PTEN', 'MDM2', 'THEM4']
preds
MCL1
['TSC2', 'PIK3AP1', 'NOS3']
preds
MYB
['GSK3B', 'NOS3', 'THEM4']
preds
PIK3AP1
['MCL1', 'MYB', 'MDM2']
preds
NR4A1
['CDKN1B', 'FOXO3', 'BCL2']
gen	nevals	avg    	std    	min    	max    
0  	24    	8.53087	5.34732	0.10634	21.7352
1  	24    	7.23381	4.58544	0.181138	21.7352
2  	24    	6.6147 	4.14477	0.181138	21.7352
3  	24    	6.42752	3.93982	0.181138	21.7352
4  	24    	6.06067	3.72929	0.12905 	21.7352
5  	24    	5.81609	3.55358	0.105204	21.7352
6  	24    	5.61489	3.39611	0.105204	21.7352
7  	24    	5.47883	3.25397	0.105204	21.7352
8  	24    	5.35064	3.01826	0.105204	21.651 
9  	24    	5.21177	2.8744 	0.105204	21.651 
10 	24    	5.11276	2.71126	0.105204	14.1686
11 	24    	5.03914	2.699  	0.105204	18.025 
12 	24    	4.96985	2.63537	0.105204	13.3989
13 	24    	4.91184	2.54073	0.105204	13.3989
14 	24    	4.84385	2.48649	0.105204	12.4476
15 	24    	4.75342	2.3556 	0.105204	12.037 
16 	24    	4.74346	2.35066	0.105204	12.037 
17 	24    	4.69853	2.31663	0.280854	12.037 
18 	24    	4.66705	2.28064	0.280854	12.037 
19 	24    	4.62261	2.2443 	0.280854	12.037 
20 	24    	4.56192	2.18385	0.285118	12.037 
21 	24    	4.49346	2.07329	0.287263	9.96811
22 	24    	4.45218	2.0108 	0.287263	9.96811
23 	24    	4.43026	1.95022	0.287443	9.53818
24 	24    	4.41404	1.89791	0.286732	9.40753
25 	24    	4.40774	1.90204	0.286732	9.40727
26 	24    	4.39367	1.89093	0.283803	9.40727
27 	24    	4.37975	1.88251	0.283803	9.40727
28 	24    	4.36906	1.87772	0.286658	9.40727
29 	24    	4.35953	1.87746	0.286658	9.41499
30 	24    	4.35328	1.88741	0.286155	9.41499
31 	24    	4.34696	1.89856	0.286155	9.41499
32 	24    	4.33372	1.92582	0.286155	9.40741
33 	24    	4.33178	1.92631	0.285785	9.40714
34 	24    	4.33164	1.9264 	0.28642 	9.40618
35 	24    	4.33027	1.9275 	0.285634	9.40618
36 	24    	4.32895	1.92849	0.285634	9.40607
37 	24    	4.32776	1.92965	0.285634	9.40607
38 	24    	4.32774	1.92967	0.285634	9.40607
39 	24    	4.32651	1.93091	0.285634	9.40607
40 	24    	4.3185 	1.93872	0.285634	9.40607
41 	24    	4.30471	1.95185	0.285634	9.40556
42 	24    	4.30255	1.95312	0.285634	9.40556
43 	24    	4.30163	1.95301	0.285634	9.40556
44 	24    	4.30147	1.95293	0.285634	9.40556
45 	24    	4.29917	1.95299	0.285634	9.4057 
46 	24    	4.29349	1.9563 	0.285667	9.40836
47 	24    	4.28727	1.95943	0.285667	9.40836
48 	24    	4.28294	1.9661 	0.286082	9.40702
49 	24    	4.27934	1.97716	0.286082	9.40713
50 	24    	4.2747 	1.99016	0.286116	9.40776
51 	24    	4.26509	2.01424	0.286116	9.40776
52 	24    	4.25354	2.0272 	0.285895	9.40776
53 	24    	4.25089	2.02864	0.285895	9.40776
54 	24    	4.25031	2.02872	0.286116	9.40776
55 	24    	4.2482 	2.02733	0.285091	9.40776
56 	24    	4.24438	2.02427	0.285091	9.40662
57 	24    	4.23624	2.01872	0.285091	9.40662
58 	24    	4.22306	2.01488	0.28553 	9.40611
59 	24    	4.20895	2.007  	0.28553 	8.97145
60 	24    	4.20733	2.00733	0.28553 	8.97145
61 	24    	4.20337	2.02367	0.28553 	8.97145
62 	24    	4.19868	2.04712	0.285741	8.97787
63 	24    	4.19447	2.07478	0.285741	8.97787
64 	24    	4.18657	2.11534	0.285484	8.97145
65 	24    	4.17772	2.10604	0.285484	8.9692 
66 	24    	4.1736 	2.14135	0.285484	8.97065
67 	24    	4.17073	2.1225 	0.289851	8.97065
68 	24    	4.16427	2.07149	0.29023 	10.2568
69 	24    	4.15811	2.01737	0.290056	10.2652
70 	24    	4.15449	1.95726	0.290056	10.259 
71 	24    	4.15198	1.93939	0.289603	8.96187
72 	24    	4.15026	1.93892	0.289603	8.96124
73 	24    	4.14882	1.93861	0.289603	8.96803
74 	24    	4.145  	1.93755	0.288822	8.96124
75 	24    	4.14312	1.93368	0.288822	9.02795
76 	24    	4.13997	1.92593	0.289959	9.03042
77 	24    	4.13673	1.9186 	0.288335	9.03042
78 	24    	4.12931	1.89986	0.288335	9.03282
79 	24    	4.11748	1.86954	0.288335	9.03425
80 	24    	4.10784	1.84624	0.288335	9.03139
81 	24    	4.10693	1.84553	0.288335	9.03368
82 	24    	4.1058 	1.84444	0.289995	9.03157
83 	24    	4.10559	1.84428	0.289877	9.02592
84 	24    	4.10548	1.84427	0.289995	9.02874
85 	24    	4.10512	1.84407	0.289539	9.02625
86 	24    	4.10492	1.84416	0.289228	9.02636
87 	24    	4.10489	1.84412	0.289228	9.02636
88 	24    	4.10359	1.84392	0.289228	9.02636
89 	24    	4.10244	1.8436 	0.289707	9.02826
90 	24    	4.10037	1.84317	0.289707	9.02826
91 	24    	4.09762	1.84266	0.289707	9.02826
92 	24    	4.09632	1.84235	0.289707	9.03027
93 	24    	4.09049	1.8409 	0.28973 	9.02826
94 	24    	4.08151	1.83857	0.290192	8.96479
95 	24    	4.08048	1.83884	0.289185	8.96525
96 	24    	4.07996	1.83896	0.289702	8.96525
97 	24    	4.07891	1.83914	0.289668	8.96285
98 	24    	4.07812	1.8401 	0.288576	8.96285
99 	24    	4.07736	1.84068	0.290235	8.96295
100	24    	4.07629	1.84067	0.290235	8.96295
101	24    	4.07501	1.84072	0.289918	8.96295
102	24    	4.07364	1.8402 	0.289579	8.96295
103	24    	4.07238	1.84051	0.289579	8.96279
104	24    	4.07052	1.84717	0.289579	8.96279
105	24    	4.06967	1.84778	0.289029	8.96412
106	24    	4.06651	1.87157	0.289029	8.96187
107	24    	4.0643 	1.88866	0.289408	8.96187
108	24    	4.05908	1.92206	0.289408	8.9661 
109	24    	4.05522	1.96673	0.289951	8.9661 
110	24    	4.05136	1.97661	0.289951	8.96104
111	24    	4.05092	1.97722	0.28938 	8.96189
112	24    	4.0483 	1.97635	0.289304	8.9632 
113	24    	4.04575	1.97523	0.289304	8.9632 
114	24    	4.04023	1.97379	0.289951	8.9632 
115	24    	4.03041	1.96968	0.289951	8.9632 
116	24    	4.00997	1.96039	0.289842	8.96374
117	24    	3.99949	1.9545 	0.289842	8.96374
118	24    	3.99469	1.94884	0.289842	8.96374
119	24    	3.99093	1.94759	0.293547	8.96391
120	24    	3.98737	1.94338	0.285315	8.96237
--- 19697.12112212181 seconds ---
ran GA
