slurmstepd: error: task/cgroup: unable to add task[pid=11557] to memory cg '(null)'
preds
RHEB
['PDPK1', 'BAD', 'TSC2']
preds
TSC2
['BCL2', 'FOXO3', 'DDIT4']
preds
TSC1
['MCL1', 'BCL2', 'PTEN']
preds
PDPK1
['CRTC2', 'RAC1', 'BCL2L1']
preds
PTEN
['MDM2', 'GSK3B', 'MYB']
preds
IRS1
['CRTC2', 'BCL2L1', 'EIF4E']
preds
GSK3B
['MYB', 'PTEN', 'THEM4']
preds
CDKN1B
['NR4A1', 'BCL2', 'PTEN']
preds
FOXO3
['THEM4', 'NR4A1', 'MYB']
preds
BAD
['PDPK1', 'RAC1', 'GRB2']
preds
MDM2
['PTEN', 'NOS3', 'NR4A1']
preds
BCL2L1
['IRS1', 'RAC1', 'PTK2']
preds
GRB2
['PTK2', 'PDPK1', 'IRS1']
preds
THEM4
['FOXO3', 'NOS3', 'NR4A1']
preds
CDC37
['BCL2L1', 'IRS1', 'PDPK1']
preds
NOS3
['THEM4', 'MDM2', 'MCL1']
preds
CRTC2
['IRS1', 'PTK2', 'PDPK1']
preds
CDKN1A
['PTEN', 'MDM2', 'GSK3B']
preds
CASP9
['BCL2L1', 'PTK2', 'RAC1']
preds
RAF1
['RAC1', 'PTK2', 'CDC37']
preds
CD19
['CDC37', 'GRB2', 'IRS1']
preds
PTK2
['BCL2L1', 'CRTC2', 'PDPK1']
preds
RAC1
['BCL2L1', 'IRS1', 'BRCA1']
preds
BRCA1
['RAC1', 'CRTC2', 'GRB2']
preds
BCL2
['CDKN1B', 'TSC1', 'PIK3AP1']
preds
MCL1
['TSC1', 'PIK3AP1', 'PTEN']
preds
MYB
['GSK3B', 'PTEN', 'FOXO3']
preds
PIK3AP1
['MCL1', 'MYB', 'MDM2']
preds
NR4A1
['CDKN1B', 'FOXO3', 'THEM4']
gen	nevals	avg    	std    	min      	max    
0  	24    	8.93174	5.57985	0.0131198	21.7352
1  	24    	7.81781	5.17324	0.0131198	21.7352
2  	24    	7.32551	4.76741	0.0131198	21.7352
3  	24    	7.00341	4.37994	0.0644741	21.7352
4  	24    	6.74857	4.29693	0.0367105	21.7352
5  	24    	6.5631 	4.40766	0.0367105	21.7352
6  	24    	6.44708	4.32489	0.0367105	21.7352
7  	24    	6.30575	4.28354	0.0367105	21.7352
8  	24    	6.22901	4.16327	0.0387752	21.7352
9  	24    	6.07355	4.11853	0.0371325	19.4489
10 	24    	5.93066	4.05939	0.0381487	19.4489
11 	24    	5.77699	4.05552	0.039669 	19.4489
12 	24    	5.6351 	3.92524	0.0397504	19.2475
13 	24    	5.6045 	3.92915	0.0398845	19.22  
14 	24    	5.60181	3.92467	0.0374095	19.22  
15 	24    	5.59864	3.91559	0.0374095	19.22  
16 	24    	5.58843	3.88121	0.0387909	19.2622
17 	24    	5.57853	3.87307	0.0400598	19.2239
18 	24    	5.56463	3.82638	0.0396586	19.2239
19 	24    	5.54357	3.77114	0.0396586	19.2065
20 	24    	5.51688	3.70823	0.0396586	19.1705
21 	24    	5.49611	3.71136	0.0396586	19.1974
22 	24    	5.48919	3.70931	0.0406135	19.264 
23 	24    	5.48217	3.74468	0.0406135	19.264 
24 	24    	5.46018	3.79656	0.0406135	19.2749
25 	24    	5.4363 	3.77051	0.152177 	19.264 
26 	24    	5.40547	3.76637	0.14996  	19.247 
27 	24    	5.35608	3.74257	0.150789 	19.2547
28 	24    	5.32474	3.75219	0.152442 	19.2175
29 	24    	5.29621	3.71982	0.150917 	19.2245
30 	24    	5.26409	3.61905	0.152442 	19.1796
31 	24    	5.23986	3.53932	0.428395 	17.1185
32 	24    	5.21218	3.49734	0.428395 	17.1598
33 	24    	5.20125	3.48432	0.428395 	17.1163
34 	24    	5.18753	3.48701	0.428395 	17.1519
35 	24    	5.14861	3.4923 	0.428395 	17.1519
36 	24    	5.10106	3.47388	0.428395 	17.2003
37 	24    	5.05834	3.41116	0.428395 	17.2003
38 	24    	5.01187	3.36223	0.428395 	17.1353
39 	24    	4.94333	3.30059	0.48384  	17.1353
40 	24    	4.94021	3.29647	0.48384  	17.1148
41 	24    	4.93731	3.29551	0.485089 	17.1135
42 	24    	4.93563	3.29916	0.485089 	17.1233
43 	24    	4.93009	3.31289	0.48529  	17.1638
44 	24    	4.92215	3.31895	0.226732 	17.1638
45 	24    	4.90299	3.32372	0.224763 	17.1638
46 	24    	4.88327	3.32667	0.224763 	17.2024
47 	24    	4.83895	3.32561	0.222712 	17.2024
48 	24    	4.8194 	3.31499	0.218466 	17.1703
49 	24    	4.8025 	3.29916	0.215658 	17.1459
50 	24    	4.78659	3.29797	0.215658 	17.1459
51 	24    	4.76222	3.30322	0.215658 	17.1295
52 	24    	4.72037	3.30596	0.215658 	17.1437
53 	24    	4.66882	3.33617	0.221866 	17.1572
54 	24    	4.63948	3.37471	0.220769 	17.1572
55 	24    	4.63215	3.37281	0.220471 	17.1572
56 	24    	4.61955	3.38235	0.222469 	17.2008
57 	24    	4.61619	3.37321	0.222469 	17.0834
58 	24    	4.60863	3.36241	0.222469 	17.1441
59 	24    	4.6004 	3.36201	0.222469 	17.1441
60 	24    	4.5878 	3.34341	0.222469 	17.1208
61 	24    	4.55917	3.34183	0.222469 	17.1329
62 	24    	4.52341	3.33259	0.220773 	17.1654
63 	24    	4.48251	3.37091	0.220773 	17.1808
64 	24    	4.46019	3.36266	0.304058 	17.1707
65 	24    	4.45434	3.36017	0.310159 	17.1707
66 	24    	4.4459 	3.3554 	0.30984  	17.1707
67 	24    	4.43701	3.34697	0.30984  	17.1622
68 	24    	4.41742	3.33762	0.23131  	17.1622
69 	24    	4.40697	3.34261	0.23131  	17.1622
70 	24    	4.39375	3.33734	0.23131  	17.1622
71 	24    	4.36398	3.32738	0.146366 	18.875 
72 	24    	4.33238	3.31232	0.146366 	18.875 
73 	24    	4.26433	3.26043	0.224777 	17.1622
74 	24    	4.24272	3.25708	0.303929 	17.1617
75 	24    	4.2394 	3.25392	0.308105 	17.1516
76 	24    	4.2331 	3.24859	0.308329 	17.1516
77 	24    	4.22731	3.25208	0.299177 	17.1614
78 	24    	4.2205 	3.2425 	0.303836 	17.1636
79 	24    	4.21935	3.23604	0.311453 	17.0841
80 	24    	4.21334	3.22917	0.311453 	17.0783
81 	24    	4.20768	3.22273	0.311453 	17.122 
82 	24    	4.19747	3.2109 	0.303646 	17.1336
83 	24    	4.182  	3.1904 	0.303646 	17.1336
84 	24    	4.17604	3.18552	0.303646 	17.1375
85 	24    	4.1463 	3.14055	0.303646 	17.1375
86 	24    	4.10023	3.09121	0.113293 	17.1766
87 	24    	4.09865	3.09293	0.113293 	17.1766
88 	24    	4.09815	3.09293	0.113293 	17.1766
89 	24    	4.0969 	3.08994	0.113293 	17.1578
90 	24    	4.09638	3.08877	0.113293 	17.1458
91 	24    	4.09516	3.08851	0.113293 	17.1854
92 	24    	4.08951	3.08465	0.113293 	17.1854
93 	24    	4.08482	3.08929	0.113293 	17.1854
94 	24    	4.07672	3.09295	0.108808 	17.1746
95 	24    	4.06972	3.08965	0.108808 	17.1746
96 	24    	4.05406	3.07849	0.108808 	17.153 
97 	24    	4.02561	3.09062	0.108808 	18.639 
98 	24    	4.00888	3.04651	0.106914 	17.1368
99 	24    	3.98465	2.97091	0.106914 	17.1368
100	24    	3.97291	2.96441	0.106914 	17.1602
101	24    	3.95344	2.97025	0.106914 	17.1034
102	24    	3.92927	2.96705	0.108232 	17.1463
103	24    	3.90627	2.97267	0.110841 	17.136 
104	24    	3.88689	2.97162	0.110841 	17.136 
105	24    	3.87494	2.97686	0.110841 	17.136 
106	24    	3.83474	2.97664	0.110841 	17.101 
107	24    	3.81753	2.98892	0.104203 	18.525 
108	24    	3.80767	2.97764	0.110263 	14.2934
109	24    	3.78222	2.97655	0.0605059	14.2658
110	24    	3.76988	2.98111	0.0605059	14.2658
111	24    	3.75827	2.98891	0.0605059	14.3012
112	24    	3.74403	2.99664	0.0565077	14.3012
113	24    	3.72602	2.9794 	0.0565077	14.3012
114	24    	3.70661	2.97769	0.0565077	14.2894
115	24    	3.67956	2.94138	0.0583713	14.2823
116	24    	3.6753 	2.94943	0.0583713	14.2897
117	24    	3.65138	2.95731	0.0583713	14.2523
118	24    	3.63734	2.93956	0.109985 	14.2523
119	24    	3.61989	2.93671	0.0300337	14.2523
120	24    	3.60431	2.91926	0.0300337	14.2539
--- 19146.51062464714 seconds ---
ran GA
