preds
RHEB
['CDC37', 'EIF4EBP1', 'IRS1']
preds
TSC2
['FOXO3', 'THEM4', 'PTEN']
preds
TSC1
['MYC', 'BCL2', 'THEM4']
preds
PDPK1
['CRTC2', 'RAC1', 'BCL2L1']
preds
PTEN
['MDM2', 'BCL2', 'MYB']
preds
IRS1
['PTK2', 'STK11', 'BCL2L1']
preds
GSK3B
['BCL2', 'CDKN1B', 'FOXO3']
preds
CDKN1B
['NR4A1', 'GSK3B', 'MDM2']
preds
FOXO3
['THEM4', 'NOS3', 'GSK3B']
preds
BAD
['PDPK1', 'CRTC2', 'RAC1']
preds
MDM2
['PTEN', 'BCL2', 'CDKN1B']
preds
BCL2L1
['IRS1', 'PTK2', 'CASP9']
preds
GRB2
['CDC37', 'IRS1', 'RAC1']
preds
THEM4
['FOXO3', 'BCL2', 'GSK3B']
preds
CDC37
['GRB2', 'RAC1', 'RHEB']
preds
NOS3
['FOXO3', 'BCL2', 'PTEN']
preds
CRTC2
['RAC1', 'PTK2', 'PDPK1']
preds
CDKN1A
['PTEN', 'NOS3', 'FOXO3']
preds
CASP9
['BCL2L1', 'RAC1', 'IRS1']
preds
RAF1
['BRCA1', 'RAC1', 'PTK2']
preds
CD19
['CDC37', 'GRB2', 'BCL2L1']
preds
PTK2
['IRS1', 'BCL2L1', 'CRTC2']
preds
RAC1
['CRTC2', 'BRCA1', 'PDPK1']
preds
BRCA1
['RAC1', 'CDC37', 'GRB2']
preds
BCL2
['PTEN', 'MDM2', 'NOS3']
preds
MCL1
['PTEN', 'FOXO3', 'CRTC2']
preds
MYB
['PTEN', 'THEM4', 'PIK3AP1']
preds
PIK3AP1
['MYB', 'GSK3B', 'PTEN']
preds
NR4A1
['CDKN1B', 'MDM2', 'PTEN']
gen	nevals	avg    	std   	min      	max    
0  	24    	9.86715	6.0952	0.0200114	25.2895
1  	24    	8.87514	5.89025	0.0200114	25.2895
2  	24    	8.20237	5.70977	0.0141812	25.8272
3  	24    	7.85272	5.5673 	0.0141812	25.8272
4  	24    	7.35315	5.29646	0.00717367	25.8272
5  	24    	7.13772	4.97027	0.00717367	25.838 
6  	24    	6.83473	4.57162	0.0049506 	22.4671
7  	24    	6.65032	4.4624 	0.140735  	22.4671
8  	24    	6.50355	4.22398	0.0545004 	22.4453
9  	24    	6.36894	4.08496	0.0545004 	21.734 
10 	24    	6.14984	3.89245	0.0545004 	20.1204
11 	24    	5.99791	3.67984	0.0058074 	22.957 
12 	24    	5.89988	3.59315	0.0058074 	18.9695
13 	24    	5.79065	3.52026	0.0058074 	18.5616
14 	24    	5.72302	3.46064	0.00537183	18.5616
15 	24    	5.64563	3.40725	0.00537183	18.5616
16 	24    	5.57762	3.33543	0.0362619 	18.5616
17 	24    	5.53727	3.29377	0.0277596 	18.5616
18 	24    	5.47467	3.32201	0.0277596 	18.5616
19 	24    	5.38708	3.31014	0.0277596 	18.4207
20 	24    	5.31972	3.24808	0.0277596 	18.3923
21 	24    	5.25393	3.13418	0.188865  	18.0112
22 	24    	5.21194	3.17531	0.188865  	18.4207
23 	24    	5.18528	3.13688	0.185214  	18.4207
24 	24    	5.16968	3.11551	0.193001  	18.4207
25 	24    	5.13892	3.08111	0.193001  	18.0112
26 	24    	5.11298	3.06523	0.193001  	18.0112
27 	24    	5.09167	3.07465	0.193001  	18.0112
28 	24    	5.07665	3.0735 	0.193001  	18.0112
29 	24    	5.04398	3.0913 	0.193001  	18.0112
30 	24    	4.98764	2.94161	0.189884  	18.0112
31 	24    	4.94511	2.97144	0.175288  	18.0112
32 	24    	4.90006	2.89175	0.183818  	18.0112
33 	24    	4.85533	2.89335	0.178358  	18.0112
34 	24    	4.82418	2.90106	0.178358  	18.0112
35 	24    	4.79853	2.93203	0.178358  	18.0112
36 	24    	4.76249	2.71512	0.178358  	18.0112
37 	24    	4.73235	2.69871	0.178358  	18.0112
38 	24    	4.69104	2.76934	0.178358  	18.0112
39 	24    	4.64829	2.67473	0.180502  	18.0112
40 	24    	4.61896	2.6197 	0.180502  	18.0112
41 	24    	4.57697	2.54654	0.180502  	18.0112
42 	24    	4.54323	2.47212	0.182711  	18.0112
43 	24    	4.52227	2.17047	0.182711  	10.0769
44 	24    	4.50065	2.12747	0.180949  	10.0773
45 	24    	4.47985	2.0908 	0.180949  	10.0787
46 	24    	4.47842	2.09165	0.18113   	10.0787
47 	24    	4.47398	2.08941	0.181521  	10.0787
48 	24    	4.46263	2.09012	0.181521  	10.0787
49 	24    	4.43169	2.0478 	0.181521  	10.0781
50 	24    	4.39665	1.9904 	0.180619  	10.0677
51 	24    	4.38224	1.99167	0.136674  	9.43429
52 	24    	4.34773	1.99561	0.13584   	9.43429
53 	24    	4.3075 	2.0178 	0.13584   	9.43587
54 	24    	4.28205	2.01752	0.137069  	9.43587
55 	24    	4.24048	1.99282	0.137938  	8.93095
56 	24    	4.2187 	1.97929	0.136806  	8.66159
57 	24    	4.18886	1.94745	0.136806  	8.66159
58 	24    	4.15684	1.9245 	0.137328  	8.63294
59 	24    	4.1441 	1.88752	0.136727  	8.65113
60 	24    	4.12778	1.85868	0.136727  	9.28267
61 	24    	4.11779	1.95674	0.205573  	9.28267
62 	24    	4.09254	1.9261 	0.205566  	8.64084
63 	24    	4.07943	1.91822	0.205023  	8.64093
64 	24    	4.06886	1.90613	0.205566  	8.63709
65 	24    	4.05865	1.89595	0.194796  	8.65652
66 	24    	4.04959	1.88996	0.194484  	8.65652
67 	24    	4.03213	1.90053	0.194484  	11.6013
68 	24    	4.01021	1.88109	0.205292  	11.6013
69 	24    	3.97409	1.83301	0.205758  	8.66381
70 	24    	3.92003	1.79393	0.205963  	9.89003
71 	24    	3.87903	1.73777	0.205578  	9.89003
72 	24    	3.85978	1.71798	0.205578  	8.65881
73 	24    	3.85159	1.71975	0.205578  	8.65881
74 	24    	3.83633	1.69957	0.205578  	8.65881
75 	24    	3.82467	1.68806	0.205745  	8.66152
76 	24    	3.80941	1.69172	0.205413  	8.66152
77 	24    	3.79533	1.70365	0.194579  	8.66193
78 	24    	3.78338	1.70908	0.205413  	8.66193
79 	24    	3.78033	1.70073	0.205413  	8.66386
80 	24    	3.77347	1.68497	0.205413  	8.66386
81 	24    	3.76259	1.67972	0.205615  	8.66386
82 	24    	3.74387	1.66477	0.205634  	8.67094
83 	24    	3.73223	1.67804	0.205433  	8.67702
84 	24    	3.72962	1.66483	0.205595  	8.67702
85 	24    	3.72842	1.65117	0.205595  	8.67702
86 	24    	3.72591	1.62881	0.205595  	8.65634
87 	24    	3.72456	1.62229	0.20546   	8.65234
88 	24    	3.72   	1.57048	0.204835  	8.65051
89 	24    	3.71643	1.54875	0.192789  	8.66025
90 	24    	3.71462	1.5941 	0.192789  	8.66447
91 	24    	3.71223	1.63047	0.192789  	8.66447
92 	24    	3.70962	1.63461	0.192789  	8.66447
93 	24    	3.70678	1.5875 	0.192789  	8.64918
94 	24    	3.70277	1.52866	0.204835  	6.56907
95 	24    	3.7019 	1.52827	0.204835  	6.56907
96 	24    	3.7008 	1.52812	0.194837  	6.56701
97 	24    	3.7006 	1.52811	0.194837  	6.56701
98 	24    	3.69926	1.52795	0.194217  	6.56701
99 	24    	3.69847	1.52802	0.19417   	6.56437
100	24    	3.69567	1.52756	0.19417   	6.56437
101	24    	3.6924 	1.5268 	0.19417   	6.56437
102	24    	3.68882	1.52424	0.194022  	6.51656
103	24    	3.68817	1.52408	0.194022  	6.51656
104	24    	3.68736	1.52474	0.194088  	6.51656
105	24    	3.68617	1.52561	0.194088  	6.51656
106	24    	3.68597	1.52554	0.194243  	6.51656
107	24    	3.68552	1.52579	0.19363   	6.51656
108	24    	3.68513	1.52576	0.193476  	6.51445
109	24    	3.68494	1.52569	0.193476  	6.51445
110	24    	3.68466	1.52575	0.193476  	6.51445
111	24    	3.6844 	1.52567	0.193476  	6.51445
112	24    	3.68159	1.52841	0.193116  	6.51445
113	24    	3.68117	1.52824	0.193116  	6.51477
114	24    	3.67754	1.53071	0.193209  	6.51477
115	24    	3.67315	1.53693	0.193209  	6.51477
116	24    	3.66436	1.54572	0.193209  	6.51477
117	24    	3.65377	1.55738	0.19316   	6.55934
118	24    	3.64407	1.57358	0.193193  	6.56691
119	24    	3.63229	1.59103	0.193061  	6.60414
120	24    	3.62784	1.58945	0.193061  	6.51371
--- 15784.530391931534 seconds ---
ran GA
