slurmstepd: error: task/cgroup: unable to add task[pid=36309] to memory cg '(null)'
preds
RHEB
['CRTC2', 'TP53', 'THEM4']
preds
TSC2
['TSC1', 'PIK3AP1', 'FOXO3']
preds
TSC1
['PIK3AP1', 'TSC2', 'MDM2']
preds
PDPK1
['IRS1', 'CRTC2', 'RAC1']
preds
PTEN
['BCL2', 'GSK3B', 'MYB']
preds
IRS1
['PDPK1', 'PTK2', 'CRTC2']
preds
GSK3B
['MDM2', 'PTEN', 'BCL2']
preds
CDKN1B
['GSK3B', 'MYB', 'TSC2']
preds
FOXO3
['THEM4', 'NOS3', 'BCL2']
preds
BAD
['CRTC2', 'GRB2', 'IRS1']
preds
MDM2
['MYB', 'GSK3B', 'NR4A1']
preds
BCL2L1
['IRS1', 'PTK2', 'CDC37']
preds
GRB2
['BCL2L1', 'CASP9', 'PTK2']
preds
THEM4
['FOXO3', 'NOS3', 'NR4A1']
preds
CDC37
['BCL2L1', 'PTK2', 'IRS1']
preds
NOS3
['THEM4', 'FOXO3', 'MCL1']
preds
CRTC2
['IRS1', 'EIF4E', 'PDPK1']
preds
CDKN1A
['BCL2', 'PTEN', 'MCL1']
preds
CASP9
['GRB2', 'PTK2', 'IRS1']
preds
RAF1
['RAC1', 'PTK2', 'BCL2L1']
preds
CD19
['CDC37', 'GRB2', 'BCL2L1']
preds
PTK2
['IRS1', 'BCL2L1', 'CDC37']
preds
RAC1
['STK11', 'BRCA1', 'PDPK1']
preds
BRCA1
['RAC1', 'CDC37', 'CASP9']
preds
BCL2
['PTEN', 'THEM4', 'GSK3B']
preds
MCL1
['BCL2', 'THEM4', 'NOS3']
preds
MYB
['MDM2', 'PTEN', 'CDKN1B']
preds
PIK3AP1
['TSC1', 'TSC2', 'MDM2']
preds
NR4A1
['THEM4', 'MDM2', 'PTEN']
gen	nevals	avg    	std    	min      	max    
0  	24    	8.96728	5.64965	0.0207976	21.7352
1  	24    	7.96483	5.33178	0.00699805	24.9964
2  	24    	7.25147	4.87097	0.0208319 	21.6117
3  	24    	6.87364	4.62755	0.0764149 	21.6117
4  	24    	6.53471	4.25347	0.272296  	20.8345
5  	24    	6.40611	4.23805	0.0691234 	21.5406
6  	24    	6.32089	4.1975 	0.270694  	20.8345
7  	24    	6.13983	3.90728	0.272296  	19.6811
8  	24    	6.01079	3.80545	0.272296  	19.6811
9  	24    	5.93716	3.62929	0.272296  	18.1595
10 	24    	5.83026	3.53724	0.236642  	18.1595
11 	24    	5.72147	3.41703	0.225378  	18.1595
12 	24    	5.65012	3.40289	0.222695  	18.1595
13 	24    	5.54118	3.26373	0.222695  	18.1595
14 	24    	5.45707	3.07498	0.227673  	18.1108
15 	24    	5.42868	3.09028	0.22521   	18.1108
16 	24    	5.36216	3.09158	0.217509  	18.1108
17 	24    	5.27572	3.04506	0.216679  	18.1108
18 	24    	5.20097	2.97591	0.222314  	18.1108
19 	24    	5.13948	2.85833	0.215218  	18.1108
20 	24    	5.09123	2.75579	0.215218  	12.6623
21 	24    	5.06221	2.7654 	0.209347  	12.6623
22 	24    	5.024  	2.80828	0.215218  	12.6693
23 	24    	4.96207	2.71547	0.215218  	12.6921
24 	24    	4.92564	2.6923 	0.223192  	12.6921
25 	24    	4.85894	2.65684	0.221837  	11.7744
26 	24    	4.82134	2.6198 	0.212934  	11.7658
27 	24    	4.81406	2.61774	0.212934  	11.7658
28 	24    	4.79924	2.62274	0.212934  	11.7658
29 	24    	4.7812 	2.63539	0.215817  	11.7699
30 	24    	4.76652	2.63068	0.222747  	11.7753
31 	24    	4.75277	2.60877	0.225301  	11.7751
32 	24    	4.72582	2.56294	0.216217  	11.7751
33 	24    	4.71675	2.52082	0.216217  	11.7788
34 	24    	4.70753	2.48149	0.220324  	11.7788
35 	24    	4.69089	2.43157	0.220324  	11.7742
36 	24    	4.68298	2.42904	0.301472  	11.7869
37 	24    	4.66154	2.42911	0.301472  	11.7869
38 	24    	4.6392 	2.40052	0.30024   	11.7811
39 	24    	4.62958	2.4076 	0.29994   	11.7745
40 	24    	4.6285 	2.40419	0.29994   	11.7788
41 	24    	4.61365	2.40227	0.29994   	11.774 
42 	24    	4.59079	2.39237	0.29994   	11.7717
43 	24    	4.5641 	2.38316	0.299648  	11.7691
44 	24    	4.51678	2.40957	0.299269  	11.6039
45 	24    	4.5132 	2.40806	0.299648  	11.5964
46 	24    	4.51076	2.40911	0.298712  	11.6047
47 	24    	4.50272	2.41296	0.299648  	11.6047
48 	24    	4.49123	2.41966	0.299648  	11.6176
49 	24    	4.4704 	2.43114	0.301574  	11.6176
50 	24    	4.46929	2.42903	0.301574  	11.6072
51 	24    	4.46892	2.42802	0.30037   	11.6072
52 	24    	4.46871	2.42811	0.301574  	11.6072
53 	24    	4.46863	2.42787	0.301574  	11.6072
54 	24    	4.46848	2.42741	0.302382  	11.6072
55 	24    	4.46844	2.4276 	0.302382  	11.6072
56 	24    	4.46831	2.42787	0.301923  	11.6072
57 	24    	4.46826	2.42815	0.301923  	11.6072
58 	24    	4.46414	2.4339 	0.154071  	11.6072
59 	24    	4.45821	2.43898	0.153203  	11.6072
60 	24    	4.44788	2.43994	0.140831  	11.6072
61 	24    	4.43542	2.45687	0.139389  	11.6072
62 	24    	4.41342	2.47721	0.139389  	11.6072
63 	24    	4.37201	2.49237	0.136545  	11.6204
64 	24    	4.36105	2.52056	0.136545  	11.6204
65 	24    	4.35562	2.46836	0.136545  	11.5938
66 	24    	4.34416	2.37687	0.139971  	11.4641
67 	24    	4.33611	2.35831	0.141479  	10.1284
68 	24    	4.3245 	2.32347	0.138485  	10.1343
69 	24    	4.30956	2.27431	0.138485  	10.1343
70 	24    	4.2995 	2.24365	0.138485  	10.1329
71 	24    	4.28407	2.2155 	0.13506   	10.1   
72 	24    	4.27716	2.22139	0.132941  	10.1098
73 	24    	4.27463	2.22881	0.132941  	10.1098
74 	24    	4.27098	2.24098	0.132941  	10.1098
75 	24    	4.26996	2.24901	0.132941  	10.1098
76 	24    	4.26574	2.26557	0.142774  	10.1098
77 	24    	4.25919	2.28899	0.141588  	10.128 
78 	24    	4.25539	2.28151	0.141588  	10.1179
79 	24    	4.24403	2.25433	0.140271  	10.1179
80 	24    	4.22239	2.20222	0.139803  	9.27075
81 	24    	4.22084	2.20142	0.140943  	9.27075
82 	24    	4.21503	2.18963	0.140943  	9.27075
83 	24    	4.20417	2.1739 	0.140943  	9.27075
84 	24    	4.19695	2.16539	0.140943  	9.27075
85 	24    	4.1849 	2.14711	0.142584  	9.26636
86 	24    	4.1703 	2.11877	0.142584  	9.26353
87 	24    	4.15628	2.09894	0.13769   	9.26525
88 	24    	4.12005	1.98597	0.13769   	8.30541
89 	24    	4.11504	1.98769	0.1338    	8.26649
90 	24    	4.09551	1.9947 	0.1338    	8.26667
91 	24    	4.07238	2.00293	0.133856  	8.26955
92 	24    	4.05805	2.03207	0.13509   	8.26955
93 	24    	4.02697	2.00561	0.14128   	11.4492
94 	24    	4.00133	1.99   	0.139424  	11.449 
95 	24    	3.94447	1.93828	0.139424  	9.639  
96 	24    	3.93688	1.94604	0.140851  	9.65487
97 	24    	3.92873	1.96194	0.134858  	9.65487
98 	24    	3.92105	1.93389	0.133784  	9.65717
99 	24    	3.92016	1.96884	0.133784  	9.65717
100	24    	3.91924	1.96943	0.136637  	9.65717
101	24    	3.91739	1.97851	0.136637  	9.64419
102	24    	3.91638	1.95643	0.136637  	9.63927
103	24    	3.91192	1.90663	0.136637  	7.14947
104	24    	3.91058	1.89607	0.136637  	7.14947
105	24    	3.90702	1.8947 	0.136637  	7.14947
106	24    	3.90582	1.89628	0.135263  	7.14947
107	24    	3.90013	1.89738	0.139381  	7.14947
108	24    	3.88528	1.89954	0.134209  	7.14947
109	24    	3.8704 	1.90487	0.0285928 	7.70907
110	24    	3.84768	1.91197	0.0285928 	7.72791
111	24    	3.8445 	1.9204 	0.0285647 	7.72791
112	24    	3.84305	1.92386	0.0285647 	7.72791
113	24    	3.84077	1.91937	0.0285647 	7.72791
114	24    	3.8395 	1.8968 	0.0285928 	7.70907
115	24    	3.83852	1.89516	0.0295804 	7.70688
116	24    	3.83733	1.90559	0.0295804 	7.70688
117	24    	3.83668	1.90208	0.139151  	7.14502
118	24    	3.83184	1.90049	0.135311  	7.13969
119	24    	3.82848	1.90121	0.135311  	7.13969
120	24    	3.82486	1.90133	0.135311  	7.13094
--- 19202.992920160294 seconds ---
ran GA
