slurmstepd: error: task/cgroup: unable to add task[pid=11613] to memory cg '(null)'
preds
RHEB
['BRCA1', 'PTK2', 'PIK3AP1']
preds
TSC2
['PIK3AP1', 'BCL2', 'FOXO3']
preds
TSC1
['MCL1', 'PTEN', 'MDM2']
preds
PDPK1
['IRS1', 'CRTC2', 'RAC1']
preds
PTEN
['BCL2', 'GSK3B', 'MYB']
preds
IRS1
['PDPK1', 'PTK2', 'CRTC2']
preds
GSK3B
['MDM2', 'PTEN', 'FOXO3']
preds
CDKN1B
['THEM4', 'NR4A1', 'BCL2']
preds
FOXO3
['THEM4', 'NOS3', 'BCL2']
preds
BAD
['PDPK1', 'CRTC2', 'RAC1']
preds
MDM2
['GSK3B', 'BCL2', 'NOS3']
preds
BCL2L1
['IRS1', 'RAC1', 'PTK2']
preds
GRB2
['BCL2L1', 'CRTC2', 'PDPK1']
preds
THEM4
['CDKN1B', 'FOXO3', 'NR4A1']
preds
CDC37
['CASP9', 'BCL2L1', 'RAC1']
preds
NOS3
['FOXO3', 'PTEN', 'CDKN1B']
preds
CRTC2
['IRS1', 'RAC1', 'PTK2']
preds
CDKN1A
['THEM4', 'NOS3', 'GSK3B']
preds
CASP9
['CDC37', 'PTK2', 'IRS1']
preds
RAF1
['RAC1', 'PTK2', 'CDC37']
preds
CD19
['BCL2L1', 'IRS1', 'PDPK1']
preds
PTK2
['IRS1', 'STK11', 'BCL2L1']
preds
RAC1
['BCL2L1', 'CRTC2', 'IRS1']
preds
BRCA1
['RHEB', 'CRTC2', 'GRB2']
preds
BCL2
['PTEN', 'MDM2', 'CDKN1B']
preds
MCL1
['TSC1', 'PIK3AP1', 'CDKN1A']
preds
MYB
['PTEN', 'FOXO3', 'CDKN1B']
preds
PIK3AP1
['TP53', 'MCL1', 'TSC2']
preds
NR4A1
['CDKN1B', 'THEM4', 'BCL2']
gen	nevals	avg    	std    	min       	max    
0  	24    	8.34529	5.52023	0.00500374	21.7352
1  	24    	7.24138	4.94361	0.00500374	21.7352
2  	24    	6.66295	4.31183	0.00511831	21.7352
3  	24    	6.42394	4.08343	0.00511831	21.651 
4  	24    	6.28667	3.95439	0.137524  	21.651 
5  	24    	6.16183	3.77618	0.137524  	21.651 
6  	24    	6.07451	3.42204	0.137524  	21.651 
7  	24    	5.9907 	3.24857	0.137524  	21.651 
8  	24    	5.88134	3.30551	0.137524  	21.651 
9  	24    	5.77931	3.21202	0.206177  	18.1595
10 	24    	5.71681	3.16329	0.288018  	18.1595
11 	24    	5.58363	3.09053	0.287882  	19.9039
12 	24    	5.49515	2.97861	0.166842  	19.9039
13 	24    	5.45982	2.99015	0.166842  	19.9039
14 	24    	5.41999	2.98956	0.292916  	19.9039
15 	24    	5.37666	2.96862	0.292916  	19.9039
16 	24    	5.31962	2.97703	0.292916  	19.9039
17 	24    	5.23282	3.00971	0.390691  	19.9039
18 	24    	5.15564	2.96686	0.390637  	19.9039
19 	24    	5.06694	2.87786	0.389804  	19.9039
20 	24    	5.01897	2.93266	0.389804  	19.9039
21 	24    	4.98085	2.87515	0.391037  	19.9039
22 	24    	4.94158	2.84123	0.391037  	19.9039
23 	24    	4.86579	2.69948	0.391037  	19.9039
24 	24    	4.79026	2.3816 	0.391037  	19.9039
25 	24    	4.7006 	2.09994	0.39186   	19.9039
26 	24    	4.63885	1.89511	0.39186   	13.365 
27 	24    	4.57617	1.7671 	0.39186   	13.365 
28 	24    	4.53333	1.68174	0.39186   	8.89784
29 	24    	4.52685	1.67517	0.39186   	8.89784
30 	24    	4.51336	1.65459	0.39186   	8.89784
31 	24    	4.4939 	1.64278	0.39186   	8.32633
32 	24    	4.48443	1.60455	0.39186   	8.32633
33 	24    	4.47297	1.58076	0.39186   	8.10876
34 	24    	4.46874	1.58743	0.39186   	9.4693 
35 	24    	4.45824	1.594  	0.39186   	9.4693 
36 	24    	4.4363 	1.60602	0.39186   	8.29285
37 	24    	4.40952	1.57823	0.39186   	8.32533
38 	24    	4.40512	1.57618	0.39186   	8.32533
39 	24    	4.39824	1.57381	0.39186   	8.34719
40 	24    	4.38299	1.56821	0.39186   	8.34719
41 	24    	4.36504	1.56159	0.39186   	8.34719
42 	24    	4.35803	1.55887	0.39186   	8.33363
43 	24    	4.34469	1.55389	0.39186   	8.34269
44 	24    	4.33495	1.55095	0.39186   	6.92198
45 	24    	4.33383	1.54832	0.39186   	6.87644
46 	24    	4.33358	1.54769	0.39186   	6.86078
47 	24    	4.33342	1.54725	0.39186   	6.85999
48 	24    	4.33331	1.54713	0.39186   	6.85999
49 	24    	4.33292	1.54761	0.39186   	6.89355
50 	24    	4.33148	1.54631	0.39186   	6.89793
51 	24    	4.33088	1.54706	0.39186   	6.89793
52 	24    	4.32925	1.54846	0.39186   	6.89793
53 	24    	4.32805	1.54531	0.39186   	6.89793
54 	24    	4.32521	1.53943	0.39186   	6.89793
55 	24    	4.31903	1.52399	0.39186   	6.89793
56 	24    	4.30681	1.50101	0.39186   	6.89793
57 	24    	4.30178	1.50441	0.39186   	6.91158
58 	24    	4.29293	1.51474	0.39186   	7.13342
59 	24    	4.28826	1.51956	0.39186   	7.13342
60 	24    	4.26167	1.55106	0.39186   	7.13342
61 	24    	4.22723	1.59277	0.39186   	7.13342
62 	24    	4.18321	1.63962	0.39186   	7.13342
63 	24    	4.16998	1.6575 	0.39186   	7.13342
64 	24    	4.14103	1.70641	0.39186   	7.13342
65 	24    	4.10861	1.75392	0.689829  	7.13342
66 	24    	4.10724	1.75211	0.689665  	7.13342
67 	24    	4.10623	1.75144	0.689665  	7.13342
68 	24    	4.10582	1.75107	0.694072  	7.12412
69 	24    	4.1055 	1.75084	0.694072  	7.12412
70 	24    	4.10223	1.75147	0.692302  	7.12412
71 	24    	4.09905	1.7522 	0.692302  	7.12412
72 	24    	4.09849	1.75055	0.692302  	7.12412
73 	24    	4.08969	1.75094	0.692276  	7.12969
74 	24    	4.06382	1.75596	0.69155   	7.12979
75 	24    	4.04518	1.76028	0.651149  	7.12979
76 	24    	4.03182	1.76651	0.650783  	7.12979
77 	24    	4.02933	1.76591	0.44558   	7.16923
78 	24    	4.02538	1.76562	0.44558   	7.12212
79 	24    	4.02078	1.76517	0.44558   	7.12212
80 	24    	4.00975	1.76278	0.445461  	7.11963
81 	24    	3.9999 	1.76634	0.44267   	7.12803
82 	24    	3.9911 	1.76469	0.44267   	7.12803
83 	24    	3.98271	1.76083	0.444914  	7.13187
84 	24    	3.97289	1.75954	0.444036  	7.12803
85 	24    	3.95914	1.75533	0.406267  	7.11614
86 	24    	3.94816	1.76205	0.406267  	7.12046
87 	24    	3.93932	1.76609	0.447117  	7.80042
88 	24    	3.93416	1.76553	0.444265  	7.80308
89 	24    	3.92979	1.76859	0.444265  	7.80308
90 	24    	3.92577	1.77233	0.444265  	7.81179
91 	24    	3.91641	1.77931	0.443059  	7.80411
92 	24    	3.91544	1.78115	0.443059  	7.80411
93 	24    	3.91429	1.78609	0.442826  	7.80829
94 	24    	3.91357	1.78712	0.442826  	7.80829
95 	24    	3.90661	1.79818	0.00877593	7.80829
96 	24    	3.90256	1.81306	0.00877593	8.77181
97 	24    	3.89971	1.81959	0.00877593	8.77181
98 	24    	3.88971	1.84624	0.00783743	8.79835
99 	24    	3.87261	1.87524	0.00696825	8.79835
100	24    	3.8688 	1.87338	0.00696825	8.79835
101	24    	3.86378	1.88013	0.00696825	8.79835
102	24    	3.8506 	1.90411	0.00696825	8.83804
103	24    	3.82171	1.95542	0.00696825	8.83804
104	24    	3.7813 	1.99192	0.00696825	8.81313
105	24    	3.766  	1.98472	0.00696825	7.79443
106	24    	3.76278	1.9811 	0.00694616	7.79664
107	24    	3.75898	1.97762	0.0064251 	7.80328
108	24    	3.74618	1.96606	0.00648016	7.82189
109	24    	3.72927	1.93155	0.00690621	7.82189
110	24    	3.71525	1.88396	0.00621378	7.75337
111	24    	3.70977	1.88158	0.00621378	7.75337
112	24    	3.69842	1.8672 	0.00621378	7.75337
113	24    	3.68905	1.85055	0.00688062	7.75337
114	24    	3.68559	1.83858	0.00691963	7.05956
115	24    	3.67878	1.81598	0.00652263	7.06545
116	24    	3.67829	1.81527	0.00652263	7.06545
117	24    	3.67707	1.81528	0.00652263	7.06545
118	24    	3.6728 	1.81479	0.00659427	7.06545
119	24    	3.66622	1.8138 	0.00659427	7.06545
120	24    	3.66352	1.8147 	0.00659427	7.06545
--- 18417.460463285446 seconds ---
ran GA
