preds
ARNT
['EP300', 'TF', 'PDK1']
preds
EP300
['ARNT', 'TF', 'GAPDH']
preds
HIF1A
['VHL', 'BCL2', 'TLR4']
gen	nevals	avg   	std    	min      	max    
0  	24    	8.5214	5.23746	0.0233747	20.7127
1  	24    	6.98146	4.52957	0.162985 	20.7127
2  	24    	6.47942	4.19124	0.0247409	20.7127
3  	24    	5.94651	3.56915	0.14598  	19.9039
4  	24    	5.6976 	3.25198	0.14598  	18.8966
5  	24    	5.59559	3.24562	0.14598  	18.8852
6  	24    	5.42972	3.3578 	0.145452 	18.8852
7  	24    	5.26081	3.45548	0.145912 	18.4419
8  	24    	5.0558 	3.10132	0.145912 	18.4228
9  	24    	4.90372	2.69227	0.143096 	18.374 
10 	24    	4.77436	2.53836	0.147149 	11.3762
11 	24    	4.69585	2.56182	0.152839 	11.3762
12 	24    	4.62293	2.73529	0.146213 	11.3869
13 	24    	4.57874	2.78417	0.146155 	11.4293
14 	24    	4.49915	2.87083	0.145547 	11.4293
15 	24    	4.33753	2.74991	0.14895  	11.3592
16 	24    	4.21188	2.64918	0.142819 	8.50721
17 	24    	4.20988	2.64848	0.142758 	8.49714
18 	24    	4.20776	2.64949	0.142758 	8.50645
19 	24    	4.20681	2.64955	0.142758 	8.50645
20 	24    	4.20571	2.64877	0.142758 	8.48818
21 	24    	4.20023	2.64296	0.142758 	8.48818
22 	24    	4.18945	2.63135	0.142758 	8.48818
23 	24    	4.16368	2.60243	0.142758 	8.49802
24 	24    	4.13801	2.57008	0.142819 	8.49802
25 	24    	4.08043	2.49596	0.146438 	8.49802
26 	24    	4.07881	2.4965 	0.14975  	8.49109
27 	24    	4.0775 	2.49446	0.149546 	8.49988
28 	24    	4.07587	2.49616	0.149546 	8.49109
29 	24    	4.07474	2.49582	0.149546 	8.49109
30 	24    	4.0741 	2.49971	0.145556 	8.49109
31 	24    	4.07375	2.49952	0.145556 	8.49109
32 	24    	4.07339	2.49948	0.144962 	8.49109
33 	24    	4.07186	2.50092	0.144962 	8.49109
34 	24    	4.07016	2.50191	0.142584 	8.50274
35 	24    	4.06836	2.50338	0.142584 	8.50274
36 	24    	4.06532	2.5055 	0.142584 	8.50274
37 	24    	4.06178	2.50644	0.142584 	8.4856 
38 	24    	4.05484	2.50969	0.142584 	8.4856 
39 	24    	4.04499	2.51235	0.144962 	8.4856 
40 	24    	4.03301	2.51784	0.145673 	8.50759
41 	24    	4.0198 	2.52085	0.147332 	8.50759
42 	24    	4.01009	2.51976	0.147332 	8.49387
43 	24    	3.98908	2.51992	0.147087 	8.50061
44 	24    	3.96685	2.51396	0.148547 	8.46308
45 	24    	3.95086	2.50639	0.14537  	8.49302
46 	24    	3.94542	2.50423	0.14537  	8.48863
47 	24    	3.94401	2.50164	0.141135 	8.48086
48 	24    	3.94305	2.50088	0.141135 	8.4704 
49 	24    	3.94268	2.50043	0.141135 	8.4575 
50 	24    	3.94244	2.50052	0.141135 	8.4575 
51 	24    	3.94244	2.50052	0.141135 	8.4575 
52 	24    	3.94237	2.49935	0.141135 	8.4575 
53 	24    	3.94229	2.5001 	0.141135 	8.4575 
54 	24    	3.93954	2.49849	0.141135 	8.4575 
55 	24    	3.93664	2.49653	0.141135 	8.4575 
56 	24    	3.93379	2.4948 	0.141135 	8.46036
57 	24    	3.93107	2.48821	0.141135 	8.63228
58 	24    	3.92203	2.48342	0.141135 	8.63228
59 	24    	3.90414	2.47142	0.143915 	8.63228
60 	24    	3.87859	2.45385	0.147173 	8.50512
61 	24    	3.8773 	2.45574	0.147173 	8.50512
62 	24    	3.87631	2.45399	0.147173 	8.50135
63 	24    	3.87474	2.45475	0.142598 	8.50135
64 	24    	3.87344	2.45169	0.142598 	8.50135
65 	24    	3.87146	2.44966	0.142598 	8.50135
66 	24    	3.87055	2.44971	0.142598 	8.50135
67 	24    	3.86788	2.44218	0.142598 	8.50135
68 	24    	3.8626 	2.43377	0.143277 	8.45609
69 	24    	3.85992	2.43096	0.143277 	8.42408
70 	24    	3.85686	2.43259	0.144081 	8.42408
71 	24    	3.8536 	2.44146	0.144081 	8.48349
72 	24    	3.84986	2.4543 	0.144081 	8.49367
73 	24    	3.84476	2.47151	0.144081 	8.49367
74 	24    	3.83881	2.49507	0.148654 	8.49367
75 	24    	3.83452	2.49902	0.148654 	8.48962
76 	24    	3.83185	2.49735	0.142424 	8.48962
77 	24    	3.82969	2.49677	0.142424 	8.48962
78 	24    	3.82691	2.50032	0.145155 	8.49073
79 	24    	3.82614	2.50119	0.145155 	8.50602
80 	24    	3.82327	2.50244	0.145155 	8.50602
81 	24    	3.82199	2.50352	0.145155 	8.50602
82 	24    	3.81834	2.52119	0.145155 	8.50602
83 	24    	3.81464	2.53242	0.145155 	8.50602
84 	24    	3.80627	2.54811	0.146255 	8.48465
85 	24    	3.80205	2.56222	0.15005  	8.48465
86 	24    	3.7984 	2.54468	0.150629 	8.50182
87 	24    	3.79601	2.52511	0.150629 	8.50182
88 	24    	3.79118	2.48824	0.150629 	8.50182
89 	24    	3.78642	2.4318 	0.150629 	8.46679
90 	24    	3.77642	2.29258	0.15031  	8.46679
91 	24    	3.76418	2.10401	0.470462 	7.26307
92 	24    	3.76083	2.10596	0.470462 	7.26307
93 	24    	3.76005	2.1064 	0.470462 	7.27928
94 	24    	3.75856	2.10745	0.470462 	7.27928
95 	24    	3.75831	2.10786	0.470462 	7.27928
96 	24    	3.75735	2.1092 	0.470462 	7.27928
97 	24    	3.75529	2.11152	0.470462 	7.27928
98 	24    	3.7527 	2.11323	0.470462 	7.27928
99 	24    	3.74423	2.12   	0.470462 	7.26307
100	24    	3.73526	2.129  	0.470462 	7.26307
101	24    	3.72771	2.13574	0.47331  	7.24632
102	24    	3.7215 	2.13731	0.47331  	7.24632
103	24    	3.70869	2.14754	0.153461 	8.32008
104	24    	3.69222	2.16238	0.153461 	8.34699
105	24    	3.68669	2.17592	0.153461 	8.36667
106	24    	3.68029	2.1963 	0.151849 	8.38118
107	24    	3.67669	2.20672	0.151849 	8.38118
108	24    	3.66954	2.23605	0.151273 	8.38118
109	24    	3.65806	2.28072	0.151273 	10.6671
110	24    	3.63971	2.38007	0.145026 	10.7089
111	24    	3.62288	2.41787	0.145026 	10.7089
112	24    	3.62104	2.41785	0.140562 	10.7089
113	24    	3.61701	2.43338	0.140562 	10.7089
114	24    	3.60917	2.4623 	0.140562 	10.7089
115	24    	3.60908	2.46191	0.140562 	10.7089
116	24    	3.59544	2.5229 	0.140562 	10.7464
117	24    	3.58485	2.56617	0.140562 	10.7717
118	24    	3.57084	2.62333	0.140562 	10.7717
119	24    	3.54615	2.71531	0.38976  	10.7717
120	24    	3.54353	2.71828	0.38976  	10.7717
--- 5455.272611379623 seconds ---
ran GA
