preds
ARNT
['EP300', 'TFRC', 'PDK1']
preds
EP300
['ARNT', 'TF', 'TFRC']
preds
HIF1A
['NOS3', 'BCL2', 'TLR4']
gen	nevals	avg    	std    	min      	max    
0  	24    	9.64881	5.62942	0.0024577	24.6476
1  	24    	7.93582	5.01544	0.414087 	20.7127
2  	24    	7.41625	4.74092	0.17398  	20.7127
3  	24    	6.85049	4.26606	0.125452 	20.7127
4  	24    	6.61619	4.10537	0.125452 	20.7127
5  	24    	6.34726	3.88227	0.125008 	20.7127
6  	24    	6.06194	3.60797	0.125008 	20.7127
7  	24    	5.79121	3.36945	0.124801 	18.024 
8  	24    	5.62991	2.96308	0.124801 	18.024 
9  	24    	5.40027	2.73308	0.124801 	18.024 
10 	24    	5.24054	2.53138	0.124472 	11.5684
11 	24    	5.06008	2.51086	0.124472 	11.0767
12 	24    	4.96852	2.49464	0.124672 	13.2515
13 	24    	4.8827 	2.42907	0.125006 	11.0767
14 	24    	4.78013	2.42719	0.124558 	11.0805
15 	24    	4.73857	2.40046	0.124558 	11.0805
16 	24    	4.65166	2.38854	0.124558 	11.0805
17 	24    	4.55761	2.41986	0.124558 	11.1021
18 	24    	4.52224	2.37258	0.124558 	11.1021
19 	24    	4.48127	2.31065	0.124558 	11.15  
20 	24    	4.42629	2.2112 	0.124558 	11.1013
21 	24    	4.3778 	2.27564	0.124558 	9.07459
22 	24    	4.37673	2.27497	0.124558 	9.07459
23 	24    	4.37592	2.27436	0.124379 	9.06924
24 	24    	4.3754 	2.27423	0.124379 	9.06799
25 	24    	4.37503	2.27383	0.124379 	9.07384
26 	24    	4.37494	2.27402	0.124379 	9.07384
27 	24    	4.37308	2.27436	0.0728093	9.07384
28 	24    	4.37298	2.27431	0.0728093	9.07384
29 	24    	4.37287	2.27432	0.0728093	9.07384
30 	24    	4.37088	2.27177	0.0728093	9.07384
31 	24    	4.37075	2.27173	0.0728093	9.07384
32 	24    	4.36673	2.26754	0.0728093	9.07384
33 	24    	4.35923	2.26122	0.0728093	9.07384
34 	24    	4.35005	2.25261	0.0728093	9.07431
35 	24    	4.32956	2.23573	0.0724458	9.07431
36 	24    	4.32764	2.22103	0.124886 	9.06843
37 	24    	4.32659	2.22151	0.124886 	9.06876
38 	24    	4.32625	2.22124	0.124806 	9.06876
39 	24    	4.32608	2.22097	0.124935 	9.06876
40 	24    	4.32534	2.22172	0.124935 	9.06876
41 	24    	4.32258	2.22347	0.124935 	9.06876
42 	24    	4.31979	2.2268 	0.124935 	9.06876
43 	24    	4.3133 	2.23383	0.124935 	9.07208
44 	24    	4.31163	2.23464	0.125008 	9.06759
45 	24    	4.31154	2.23454	0.125008 	9.06759
46 	24    	4.3112 	2.23436	0.124941 	9.06759
47 	24    	4.31105	2.23444	0.124773 	9.06821
48 	24    	4.31094	2.23437	0.124773 	9.06821
49 	24    	4.3108 	2.23412	0.124941 	9.06402
50 	24    	4.31066	2.23384	0.124941 	9.06289
51 	24    	4.3105 	2.2339 	0.125007 	9.06236
52 	24    	4.31034	2.23372	0.125007 	9.06236
53 	24    	4.31029	2.23358	0.125007 	9.06236
54 	24    	4.31028	2.23362	0.125007 	9.06236
55 	24    	4.31027	2.23377	0.125007 	9.06236
56 	24    	4.31023	2.23385	0.125007 	9.06236
57 	24    	4.31023	2.23385	0.125007 	9.06236
58 	24    	4.31022	2.23381	0.125007 	9.06236
59 	24    	4.31018	2.23366	0.125057 	9.06236
60 	24    	4.31018	2.23366	0.125057 	9.06236
61 	24    	4.31013	2.2336 	0.125165 	9.06236
62 	24    	4.31013	2.2336 	0.125165 	9.06236
63 	24    	4.31011	2.23368	0.125043 	9.06236
64 	24    	4.3101 	2.23373	0.125043 	9.06236
65 	24    	4.30999	2.23363	0.125043 	9.06236
66 	24    	4.30999	2.23363	0.125043 	9.06236
67 	24    	4.30997	2.23362	0.125043 	9.06236
68 	24    	4.3099 	2.23339	0.125043 	9.06236
69 	24    	4.3099 	2.23339	0.125043 	9.06236
70 	24    	4.30809	2.23325	0.125043 	9.06435
71 	24    	4.30809	2.23325	0.125043 	9.06435
72 	24    	4.30451	2.23288	0.124728 	9.06451
73 	24    	4.29553	2.23172	0.124728 	9.06763
74 	24    	4.29015	2.23122	0.124728 	9.06763
75 	24    	4.27254	2.2302 	0.124309 	9.07577
76 	24    	4.26669	2.22969	0.124721 	9.06796
77 	24    	4.26644	2.22949	0.124667 	9.06975
78 	24    	4.26625	2.22942	0.124667 	9.06975
79 	24    	4.26622	2.22934	0.124667 	9.06975
80 	24    	4.26613	2.22931	0.124685 	9.06773
81 	24    	4.26612	2.22921	0.124721 	9.06773
82 	24    	4.26607	2.22916	0.124721 	9.06773
83 	24    	4.26607	2.22916	0.124721 	9.06773
84 	24    	4.266  	2.22895	0.124628 	9.06553
85 	24    	4.26598	2.2289 	0.124628 	9.06553
86 	24    	4.26594	2.22902	0.124721 	9.06553
87 	24    	4.2659 	2.22901	0.124721 	9.06553
88 	24    	4.26585	2.22893	0.124721 	9.06544
89 	24    	4.26584	2.22898	0.124721 	9.06544
90 	24    	4.26584	2.22898	0.124721 	9.06544
91 	24    	4.26581	2.22872	0.124721 	9.06544
92 	24    	4.26573	2.22845	0.124721 	9.06371
93 	24    	4.26573	2.22855	0.124721 	9.06371
94 	24    	4.26572	2.22851	0.124721 	9.06371
95 	24    	4.26572	2.22851	0.124721 	9.06371
96 	24    	4.26567	2.22837	0.124721 	9.06371
97 	24    	4.26567	2.22837	0.124721 	9.06371
98 	24    	4.2639 	2.22838	0.0728983	9.06327
99 	24    	4.26384	2.22826	0.0728983	9.06327
100	24    	4.26383	2.2282 	0.0728983	9.06327
101	24    	4.26382	2.22818	0.0728983	9.06311
102	24    	4.26032	2.2285 	0.072363 	9.06895
103	24    	4.25862	2.22873	0.072363 	9.07299
104	24    	4.25509	2.22877	0.0721227	9.07299
105	24    	4.25165	2.22911	0.0721227	9.07299
106	24    	4.24292	2.22964	0.0721227	9.07299
107	24    	4.23602	2.23001	0.0721227	9.07299
108	24    	4.22377	2.23029	0.0721227	9.07095
109	24    	4.22349	2.22995	0.0721227	9.06946
110	24    	4.22325	2.22956	0.0720943	9.06775
111	24    	4.22135	2.22919	0.0720943	9.07178
112	24    	4.21947	2.22852	0.0720943	9.07021
113	24    	4.21602	2.22802	0.0720943	9.06856
114	24    	4.21074	2.22718	0.0721741	9.06856
115	24    	4.2055 	2.22656	0.0721741	9.06856
116	24    	4.19524	2.22499	0.0719381	9.06971
117	24    	4.18511	2.22334	0.0719381	9.07478
118	24    	4.18146	2.22314	0.0719381	9.06971
119	24    	4.18121	2.2229 	0.0721443	9.06921
120	24    	4.18112	2.22265	0.0721443	9.07289
--- 6820.711391210556 seconds ---
ran GA
