preds
RHEB
['PIK3AP1', 'TSC2', 'TSC1']
preds
TSC2
['MCL1', 'PIK3AP1', 'PTEN']
preds
TSC1
['PIK3AP1', 'G6PC', 'CDKN1B']
preds
PDPK1
['CRTC2', 'RAC1', 'PTK2']
preds
PTEN
['BCL2', 'GSK3B', 'NOS3']
preds
IRS1
['PTK2', 'BCL2L1', 'RAC1']
preds
GSK3B
['PTEN', 'NR4A1', 'FOXO3']
preds
CDKN1B
['DDIT4', 'FOXO3', 'BCL2']
preds
FOXO3
['THEM4', 'NOS3', 'CDKN1B']
preds
BAD
['PDPK1', 'CRTC2', 'RAC1']
preds
MDM2
['NOS3', 'THEM4', 'FOXO3']
preds
BCL2L1
['IRS1', 'CDC37', 'GRB2']
preds
GRB2
['BCL2L1', 'PTK2', 'CRTC2']
preds
THEM4
['FOXO3', 'GSK3B', 'CDKN1A']
preds
CDC37
['CASP9', 'BCL2L1', 'EIF4EBP1']
preds
NOS3
['FOXO3', 'MYB', 'PTEN']
preds
CRTC2
['RAC1', 'PTK2', 'PDPK1']
preds
CDKN1A
['THEM4', 'GSK3B', 'CASP9']
preds
CASP9
['CDC37', 'RAC1', 'PDPK1']
preds
RAF1
['RAC1', 'PTK2', 'CRTC2']
preds
CD19
['GRB2', 'BCL2L1', 'IRS1']
preds
PTK2
['IRS1', 'EIF4EBP1', 'CRTC2']
preds
RAC1
['CRTC2', 'IRS1', 'PDPK1']
preds
BRCA1
['CRTC2', 'PTK2', 'CASP9']
preds
BCL2
['PTEN', 'CDKN1B', 'NR4A1']
preds
MCL1
['TSC2', 'THEM4', 'GSK3B']
preds
MYB
['NOS3', 'FOXO3', 'CDKN1B']
preds
PIK3AP1
['TSC1', 'MYC', 'TSC2']
preds
NR4A1
['GSK3B', 'BCL2', 'PTEN']
gen	nevals	avg    	std    	min      	max    
0  	24    	8.81645	5.50837	0.0191985	21.7352
1  	24    	7.89697	4.98723	0.0191985	21.7352
2  	24    	7.08486	4.49388	0.0377984	21.7352
3  	24    	6.854  	4.29042	0.0372522	21.7352
4  	24    	6.50439	4.11275	0.0273132	19.9039
5  	24    	6.27223	3.98464	0.013472 	19.9039
6  	24    	6.04367	3.60759	0.013472 	19.9039
7  	24    	5.76489	3.54867	0.013472 	19.9039
8  	24    	5.5753 	3.4213 	0.013472 	19.9039
9  	24    	5.4189 	3.30415	0.0237059	18.0051
10 	24    	5.34464	3.41259	0.018117 	18.0051
11 	24    	5.29279	3.4599 	0.0250693	18.0021
12 	24    	5.27213	3.45288	0.0250693	18.002 
13 	24    	5.26413	3.42688	0.022408 	18.0031
14 	24    	5.24337	3.36364	0.0169437	18.0034
15 	24    	5.18978	3.28841	0.015781 	18.0034
16 	24    	5.13641	3.38998	0.0142724	18.0034
17 	24    	5.07725	3.29142	0.0148491	18.0032
18 	24    	4.99481	3.13775	0.0148491	18.0033
19 	24    	4.89995	3.04246	0.0148491	13.4806
20 	24    	4.8171 	3.01573	0.0163992	13.4898
21 	24    	4.75115	3.0362 	0.0163992	13.4898
22 	24    	4.72948	2.98488	0.0174197	13.4898
23 	24    	4.6987 	2.89174	0.0149576	13.4898
24 	24    	4.64439	2.717  	0.0149576	13.4644
25 	24    	4.61102	2.65153	0.0149576	10.4371
26 	24    	4.60271	2.64826	0.0160272	10.4197
27 	24    	4.59049	2.6377 	0.0160272	11.746 
28 	24    	4.58244	2.64417	0.0154474	11.746 
29 	24    	4.5733 	2.65601	0.0154474	11.746 
30 	24    	4.57095	2.65504	0.0154474	11.746 
31 	24    	4.55988	2.65597	0.0154474	11.746 
32 	24    	4.54299	2.65802	0.0134724	12.2648
33 	24    	4.51786	2.66322	0.0147082	12.2921
34 	24    	4.50002	2.66763	0.0162337	12.2921
35 	24    	4.48526	2.66431	0.0155462	12.2921
36 	24    	4.46588	2.66369	0.0876767	12.4527
37 	24    	4.4486 	2.65502	0.0876767	12.4606
38 	24    	4.44521	2.65871	0.0876767	12.4788
39 	24    	4.44163	2.6617 	0.0876767	12.4788
40 	24    	4.43425	2.65766	0.0874849	12.4788
41 	24    	4.42265	2.65244	0.0874849	12.421 
42 	24    	4.41702	2.64593	0.0854754	12.4383
43 	24    	4.40944	2.6358 	0.0827808	12.4345
44 	24    	4.39969	2.62201	0.0827808	12.4198
45 	24    	4.38394	2.62115	0.0827808	12.4198
46 	24    	4.36101	2.61751	0.080641 	12.4198
47 	24    	4.32863	2.61648	0.0827808	11.2295
48 	24    	4.30826	2.60934	0.0827808	11.3561
49 	24    	4.27101	2.58735	0.0694327	11.2365
50 	24    	4.24451	2.57364	0.0842609	11.2444
51 	24    	4.20651	2.56397	0.08355  	11.2368
52 	24    	4.18013	2.49573	0.0683509	11.2368
53 	24    	4.13756	2.4461 	0.0821951	12.6985
54 	24    	4.10062	2.42542	0.0821951	11.2596
55 	24    	4.04027	2.3669 	0.0832498	11.2596
56 	24    	4.00098	2.27809	0.079812 	11.2257
57 	24    	3.98159	2.25328	0.0832498	11.2253
58 	24    	3.97312	2.24173	0.0829677	11.2157
59 	24    	3.96376	2.22808	0.082066 	11.2559
60 	24    	3.96077	2.22332	0.0814523	11.2287
61 	24    	3.96003	2.22149	0.0814523	11.2287
62 	24    	3.95969	2.21975	0.0814523	11.2287
63 	24    	3.95913	2.2179 	0.0814523	11.2287
64 	24    	3.95674	2.21735	0.0815663	11.2089
65 	24    	3.95608	2.2146 	0.0811516	11.2237
66 	24    	3.95401	2.21545	0.0811516	11.2237
67 	24    	3.95013	2.21716	0.0811516	11.2094
68 	24    	3.9422 	2.22047	0.0811516	11.225 
69 	24    	3.93055	2.22482	0.0815663	11.2415
70 	24    	3.91135	2.23289	0.0838459	11.2514
71 	24    	3.91036	2.23043	0.0838459	11.2514
72 	24    	3.90984	2.22993	0.0838459	11.2717
73 	24    	3.90939	2.22993	0.0838459	11.2717
74 	24    	3.9077 	2.22725	0.0833333	11.2179
75 	24    	3.90763	2.22719	0.0833333	11.2179
76 	24    	3.90627	2.22525	0.0833333	11.2321
77 	24    	3.9048 	2.22328	0.0833333	11.2342
78 	24    	3.89981	2.21611	0.0588124	11.2342
79 	24    	3.89254	2.20404	0.0588124	11.2411
80 	24    	3.88147	2.18737	0.0576743	11.2539
81 	24    	3.87669	2.17008	0.0824678	11.2539
82 	24    	3.87378	2.16483	0.0811474	11.2539
83 	24    	3.87117	2.1605 	0.0811474	11.2318
84 	24    	3.86818	2.15719	0.0608494	11.2158
85 	24    	3.85711	2.14423	0.0581243	11.2433
86 	24    	3.84656	2.13161	0.0581243	11.2433
87 	24    	3.8309 	2.10811	0.0581243	11.2878
88 	24    	3.81815	2.08514	0.0578839	11.267 
89 	24    	3.81579	2.08344	0.0578839	11.2234
90 	24    	3.81496	2.08315	0.0578839	11.2234
91 	24    	3.81281	2.08384	0.0578839	11.2234
92 	24    	3.80993	2.0854 	0.0578839	11.2234
93 	24    	3.805  	2.08791	0.0576571	11.2234
94 	24    	3.80225	2.07901	0.0571989	11.1927
95 	24    	3.79757	2.07566	0.0571989	11.176 
96 	24    	3.79271	2.07236	0.0571989	11.176 
97 	24    	3.77945	2.06824	0.0520886	11.2392
98 	24    	3.76531	2.04063	0.0580915	11.2392
99 	24    	3.74746	2.01127	0.0598166	11.2445
100	24    	3.73793	1.92115	0.265554 	7.62551
101	24    	3.72532	1.9344 	0.264532 	7.62247
102	24    	3.70847	1.95184	0.264532 	7.62247
103	24    	3.70508	1.94364	0.164781 	7.62985
104	24    	3.70176	1.93252	0.164781 	7.62985
105	24    	3.69999	1.9088 	0.164781 	7.62247
106	24    	3.69536	1.91101	0.164781 	7.62369
107	24    	3.69346	1.92159	0.163253 	7.6256 
108	24    	3.68995	1.92772	0.163253 	7.6242 
109	24    	3.68281	1.94135	0.151788 	7.62369
110	24    	3.67343	1.95326	0.163253 	7.62653
111	24    	3.66708	1.91958	0.305997 	7.62369
112	24    	3.66289	1.91518	0.331486 	7.6231 
113	24    	3.66114	1.9129 	0.331486 	7.64186
114	24    	3.65657	1.90803	0.331486 	7.64186
115	24    	3.65008	1.89844	0.331486 	7.63707
116	24    	3.64393	1.88892	0.331486 	7.63707
117	24    	3.63334	1.872  	0.332326 	7.64368
118	24    	3.62746	1.86591	0.332326 	7.64368
119	24    	3.62473	1.86373	0.332326 	7.64368
120	24    	3.62354	1.86231	0.333827 	7.64368
--- 17140.815135002136 seconds ---
ran GA
