preds
RHEB
['CRTC2', 'TSC1', 'FOXO3']
preds
TSC2
['FOXO3', 'DDIT4', 'PTEN']
preds
TSC1
['BCL2', 'MYB', 'GSK3B']
preds
PDPK1
['STK11', 'CRTC2', 'BCL2L1']
preds
PTEN
['MDM2', 'BCL2', 'CDKN1B']
preds
IRS1
['PTK2', 'CRTC2', 'BCL2L1']
preds
GSK3B
['BCL2', 'THEM4', 'PIK3AP1']
preds
CDKN1B
['THEM4', 'PTEN', 'MDM2']
preds
FOXO3
['THEM4', 'NR4A1', 'MDM2']
preds
BAD
['PDPK1', 'RAC1', 'IRS1']
preds
MDM2
['PTEN', 'MYB', 'CDKN1B']
preds
BCL2L1
['IRS1', 'GRB2', 'PDPK1']
preds
GRB2
['BCL2L1', 'CASP9', 'PTK2']
preds
THEM4
['CDKN1B', 'FOXO3', 'NOS3']
preds
CDC37
['CASP9', 'RAC1', 'PTK2']
preds
NOS3
['THEM4', 'BCL2', 'TSC2']
preds
CRTC2
['IRS1', 'RAC1', 'PTK2']
preds
CDKN1A
['THEM4', 'PTEN', 'PIK3AP1']
preds
CASP9
['CDC37', 'GRB2', 'IRS1']
preds
RAF1
['CRTC2', 'PDPK1', 'BAD']
preds
CD19
['GRB2', 'BCL2L1', 'IRS1']
preds
PTK2
['IRS1', 'CRTC2', 'RAC1']
preds
RAC1
['CRTC2', 'IRS1', 'BRCA1']
preds
BRCA1
['RAC1', 'EIF4EBP1', 'BCL2L1']
preds
BCL2
['PTEN', 'NOS3', 'GSK3B']
preds
MCL1
['TP53', 'PTEN', 'THEM4']
preds
MYB
['MDM2', 'NR4A1', 'THEM4']
preds
PIK3AP1
['MYB', 'GSK3B', 'BCL2']
preds
NR4A1
['FOXO3', 'MYB', 'BCL2']
gen	nevals	avg    	std    	min      	max    
0  	24    	9.29095	5.76072	0.0804126	21.7352
1  	24    	8.14069	5.26002	0.018618 	21.7352
2  	24    	7.40746	4.86777	0.0194707	21.7352
3  	24    	6.69713	4.18804	0.0796535	21.7352
4  	24    	6.38663	3.8032 	0.0796535	21.7352
5  	24    	6.23023	3.68661	0.0217915	21.7352
6  	24    	6.09274	3.492  	0.196019 	21.7352
7  	24    	5.88322	3.37396	0.195425 	21.7352
8  	24    	5.76447	3.24461	0.195425 	21.7352
9  	24    	5.66374	2.97691	0.195425 	21.7352
10 	24    	5.48524	2.74147	0.285332 	21.7352
11 	24    	5.38163	2.77413	0.269862 	21.7352
12 	24    	5.26923	2.67743	0.269862 	21.7352
13 	24    	5.18808	2.54207	0.318103 	17.3836
14 	24    	5.07125	2.41838	0.273322 	21.7352
15 	24    	4.96494	2.23837	0.316383 	11.9303
16 	24    	4.92582	2.18384	0.806303 	10.8848
17 	24    	4.88932	2.16254	0.806288 	10.8742
18 	24    	4.82103	2.124  	0.806263 	10.8772
19 	24    	4.74245	2.03514	0.806288 	10.871 
20 	24    	4.6627 	1.98385	0.806288 	9.55864
21 	24    	4.64988	1.98615	0.806207 	9.55864
22 	24    	4.64651	1.98062	0.806207 	9.55864
23 	24    	4.64236	1.97132	0.806207 	9.55864
24 	24    	4.63805	1.96   	0.806306 	9.55864
25 	24    	4.62902	1.94678	0.806115 	9.55864
26 	24    	4.62564	1.94891	0.806157 	9.55864
27 	24    	4.62157	1.9548 	0.806157 	9.55864
28 	24    	4.60911	1.9559 	0.80619  	9.55864
29 	24    	4.58438	1.95034	0.80619  	9.55864
30 	24    	4.56761	1.9152 	0.806276 	9.55864
31 	24    	4.53866	1.85773	0.806278 	9.55864
32 	24    	4.5139 	1.8126 	0.806332 	9.55864
33 	24    	4.50181	1.81018	0.806332 	9.30262
34 	24    	4.48526	1.82151	0.806295 	9.30054
35 	24    	4.47532	1.80185	0.806247 	9.30144
36 	24    	4.4685 	1.77159	0.806247 	9.30144
37 	24    	4.4516 	1.71337	0.806247 	9.30366
38 	24    	4.43379	1.72161	0.806247 	9.30515
39 	24    	4.4216 	1.73636	0.806247 	9.30144
40 	24    	4.41068	1.73595	0.806302 	9.30266
41 	24    	4.40866	1.73565	0.806251 	9.30266
42 	24    	4.40581	1.7325 	0.806251 	9.30266
43 	24    	4.39815	1.72786	0.80624  	9.30202
44 	24    	4.38915	1.73566	0.643579 	9.30413
45 	24    	4.37425	1.72862	0.806181 	9.30413
46 	24    	4.3651 	1.72698	0.806278 	9.3018 
47 	24    	4.35578	1.72692	0.806278 	9.3018 
48 	24    	4.33815	1.72636	0.796678 	9.3001 
49 	24    	4.32512	1.7212 	0.796678 	9.3001 
50 	24    	4.31978	1.71981	0.796678 	9.30015
51 	24    	4.30521	1.71545	0.806292 	9.30326
52 	24    	4.2854 	1.71372	0.805288 	9.32172
53 	24    	4.27277	1.69986	0.806411 	9.30326
54 	24    	4.25013	1.70097	0.806411 	9.30326
55 	24    	4.23339	1.68508	0.809998 	9.30326
56 	24    	4.22729	1.68629	0.809998 	9.30153
57 	24    	4.21505	1.69276	0.815868 	9.30146
58 	24    	4.2091 	1.70077	0.815868 	9.30214
59 	24    	4.20289	1.71477	0.813964 	9.30225
60 	24    	4.19675	1.72076	0.813964 	9.30225
61 	24    	4.18916	1.71991	0.813964 	9.30225
62 	24    	4.18434	1.71981	0.836504 	9.30416
63 	24    	4.18413	1.71949	0.836979 	9.30183
64 	24    	4.18378	1.71747	0.836979 	9.30183
65 	24    	4.18374	1.71742	0.836979 	9.30183
66 	24    	4.18337	1.71702	0.836979 	9.30183
67 	24    	4.18257	1.71571	0.834315 	9.30183
68 	24    	4.18151	1.71431	0.834315 	9.30114
69 	24    	4.17995	1.70983	0.834315 	9.30284
70 	24    	4.17818	1.71009	0.834315 	9.30284
71 	24    	4.17281	1.71287	0.834315 	9.30259
72 	24    	4.16884	1.70816	0.834315 	9.30259
73 	24    	4.15981	1.69971	0.832853 	9.30555
74 	24    	4.14705	1.68796	0.337832 	9.30555
75 	24    	4.12888	1.66872	0.337832 	9.30083
76 	24    	4.11862	1.66057	0.313495 	9.30276
77 	24    	4.11124	1.65225	0.313495 	9.30083
78 	24    	4.08474	1.63849	0.313495 	9.29804
79 	24    	4.07366	1.63564	0.33089  	8.06239
80 	24    	4.07131	1.6382 	0.33089  	8.07043
81 	24    	4.07117	1.63815	0.33089  	8.07043
82 	24    	4.07113	1.63803	0.33089  	8.07043
83 	24    	4.06909	1.64074	0.33089  	8.07043
84 	24    	4.06709	1.64348	0.33089  	8.07043
85 	24    	4.06335	1.64845	0.332749 	8.07043
86 	24    	4.05959	1.65347	0.332749 	8.07043
87 	24    	4.05014	1.66393	0.334937 	8.06584
88 	24    	4.039  	1.6785 	0.335631 	8.06584
89 	24    	4.02766	1.6944 	0.335168 	8.06529
90 	24    	4.02711	1.69433	0.335168 	8.06529
91 	24    	4.02564	1.694  	0.335168 	8.06529
92 	24    	4.02538	1.69392	0.335168 	8.06529
93 	24    	4.02436	1.69359	0.339166 	8.06529
94 	24    	4.02068	1.6927 	0.336344 	8.07259
95 	24    	4.01865	1.69212	0.336085 	8.07259
96 	24    	4.01642	1.69145	0.33504  	8.07259
97 	24    	4.0135 	1.68662	0.33504  	8.07259
98 	24    	4.006  	1.68426	0.33504  	8.11486
99 	24    	4.00309	1.68772	0.330304 	8.11486
100	24    	3.99892	1.68654	0.330304 	8.11486
101	24    	3.98988	1.68194	0.335823 	8.06268
102	24    	3.98635	1.68152	0.335823 	8.06743
103	24    	3.97963	1.67921	0.331391 	8.06743
104	24    	3.97504	1.67836	0.331391 	8.06743
105	24    	3.97366	1.67737	0.33249  	8.07065
106	24    	3.97171	1.6762 	0.33249  	8.07065
107	24    	3.96971	1.6744 	0.334762 	8.07065
108	24    	3.95664	1.66504	0.336408 	8.06743
109	24    	3.94196	1.65483	0.33592  	8.06211
110	24    	3.93587	1.65252	0.335515 	8.0654 
111	24    	3.93201	1.65114	0.33592  	8.06752
112	24    	3.93129	1.65135	0.33592  	8.06752
113	24    	3.93021	1.65122	0.333114 	8.06752
114	24    	3.92858	1.65085	0.333114 	8.0705 
115	24    	3.92804	1.65072	0.33592  	8.0705 
116	24    	3.92764	1.65068	0.336292 	8.06689
117	24    	3.92752	1.65055	0.336292 	8.06689
118	24    	3.92701	1.65081	0.336292 	8.06689
119	24    	3.92613	1.65087	0.336292 	8.06689
120	24    	3.92588	1.65085	0.336292 	8.06689
--- 15546.126231193542 seconds ---
ran GA
