preds
ARNT
['EP300', 'TF', 'PDK1']
preds
EP300
['ARNT', 'TF', 'TFRC']
preds
HIF1A
['NOS3', 'TLR4', 'FLT1']
gen	nevals	avg    	std    	min     	max    
0  	24    	8.33997	5.31806	0.344051	20.7127
1  	24    	5.56356	3.18565	0.340191	18.2072
2  	24    	5.24566	2.77209	0.340191	18.2072
3  	24    	5.00279	2.29773	0.340308	18.1595
4  	24    	4.93075	2.21916	0.285352	18.1595
5  	24    	4.83334	2.0183 	0.285352	11.1991
6  	24    	4.75835	2.12433	0.282671	11.2027
7  	24    	4.73049	2.11168	0.282671	11.2027
8  	24    	4.67783	2.10555	0.282671	11.2027
9  	24    	4.64578	2.11322	0.282671	11.2027
10 	24    	4.60152	2.05968	0.280621	11.21  
11 	24    	4.5448 	1.8768 	0.517616	9.15539
12 	24    	4.52096	1.88204	0.515374	9.15539
13 	24    	4.50364	1.89995	0.516195	9.15539
14 	24    	4.48724	1.87864	0.515783	9.74504
15 	24    	4.45849	1.92884	0.515783	9.74504
16 	24    	4.41062	1.94925	0.515783	6.99483
17 	24    	4.4091 	1.95507	0.515096	6.99712
18 	24    	4.40846	1.95498	0.517545	6.9948 
19 	24    	4.40825	1.95466	0.517059	6.9944 
20 	24    	4.40817	1.95469	0.517545	6.9944 
21 	24    	4.40805	1.95469	0.517424	6.99522
22 	24    	4.40798	1.95466	0.517424	6.9944 
23 	24    	4.40785	1.9546 	0.517545	6.9944 
24 	24    	4.40775	1.95466	0.517545	6.9944 
25 	24    	4.40765	1.95467	0.517545	6.9944 
26 	24    	4.40752	1.95446	0.517545	6.9936 
27 	24    	4.40741	1.95444	0.517578	6.9936 
28 	24    	4.4074 	1.9545 	0.517578	6.9936 
29 	24    	4.4074 	1.9545 	0.517578	6.9936 
30 	24    	4.40737	1.95449	0.517578	6.9936 
31 	24    	4.40732	1.95432	0.517578	6.9936 
32 	24    	4.40732	1.95434	0.517578	6.9936 
33 	24    	4.40732	1.95425	0.517578	6.9936 
34 	24    	4.40725	1.95424	0.517578	6.9936 
35 	24    	4.40725	1.95424	0.517578	6.9936 
36 	24    	4.40724	1.95426	0.517578	6.9936 
37 	24    	4.40724	1.95426	0.517578	6.9936 
38 	24    	4.40724	1.95426	0.517578	6.9936 
39 	24    	4.40719	1.95425	0.517635	6.9936 
40 	24    	4.40719	1.95425	0.517635	6.9936 
41 	24    	4.40719	1.95425	0.517635	6.9936 
42 	24    	4.40719	1.95425	0.517635	6.9936 
43 	24    	4.40707	1.95422	0.517635	6.9936 
44 	24    	4.40703	1.95411	0.517635	6.9936 
45 	24    	4.40699	1.95414	0.517635	6.9936 
46 	24    	4.40699	1.95414	0.517635	6.9936 
47 	24    	4.40699	1.95411	0.517635	6.9936 
48 	24    	4.40699	1.95411	0.517635	6.9936 
49 	24    	4.40698	1.95404	0.51745 	6.9936 
50 	24    	4.40698	1.95404	0.51745 	6.9936 
51 	24    	4.40698	1.95407	0.51745 	6.9936 
52 	24    	4.40698	1.95407	0.51745 	6.9936 
53 	24    	4.40698	1.95407	0.51745 	6.9936 
54 	24    	4.40698	1.95407	0.51745 	6.9936 
55 	24    	4.40696	1.9541 	0.517448	6.9936 
56 	24    	4.4069 	1.95404	0.517448	6.9936 
57 	24    	4.40386	1.95284	0.517133	6.9936 
58 	24    	4.39744	1.95029	0.517133	6.9936 
59 	24    	4.39115	1.94789	0.517133	6.9936 
60 	24    	4.37559	1.94176	0.517085	6.9936 
61 	24    	4.34814	1.93036	0.515178	6.99466
62 	24    	4.3323 	1.92376	0.516335	6.99466
63 	24    	4.33176	1.92358	0.517052	6.99359
64 	24    	4.32982	1.92373	0.318312	6.99382
65 	24    	4.32644	1.92452	0.318312	6.99382
66 	24    	4.31842	1.92805	0.303397	6.99402
67 	24    	4.30635	1.93225	0.303397	6.99423
68 	24    	4.2959 	1.93403	0.315439	6.99581
69 	24    	4.29529	1.93381	0.315866	6.99423
70 	24    	4.29444	1.93344	0.315866	6.99409
71 	24    	4.29383	1.9333 	0.315866	6.99402
72 	24    	4.29041	1.9317 	0.282148	6.99354
73 	24    	4.2884 	1.93118	0.282148	6.99402
74 	24    	4.28736	1.93082	0.282148	6.99402
75 	24    	4.28304	1.9299 	0.282148	6.99402
76 	24    	4.27972	1.92904	0.282148	6.99558
77 	24    	4.27759	1.92811	0.282148	6.99603
78 	24    	4.27329	1.92599	0.281517	6.99432
79 	24    	4.27068	1.92496	0.281517	6.99432
80 	24    	4.26494	1.92011	0.281517	6.97605
81 	24    	4.25979	1.91306	0.280322	6.97252
82 	24    	4.25359	1.90466	0.278171	6.97252
83 	24    	4.24603	1.89393	0.278171	6.91273
84 	24    	4.24416	1.8797 	0.280322	6.91154
85 	24    	4.2433 	1.86852	0.485121	6.88673
86 	24    	4.24308	1.86853	0.485304	6.88673
87 	24    	4.24299	1.86869	0.485602	6.88701
88 	24    	4.24293	1.86872	0.485905	6.88701
89 	24    	4.24286	1.86873	0.485905	6.88701
90 	24    	4.24277	1.86875	0.485796	6.88701
91 	24    	4.24274	1.86883	0.486128	6.88742
92 	24    	4.24198	1.86938	0.486128	6.93395
93 	24    	4.24007	1.86027	0.486092	6.93395
94 	24    	4.24004	1.86027	0.486092	6.93395
95 	24    	4.24001	1.86027	0.486092	6.93395
96 	24    	4.23997	1.86029	0.486092	6.93395
97 	24    	4.23778	1.8423 	0.486092	6.93395
98 	24    	4.23516	1.84153	0.485548	6.93799
99 	24    	4.23221	1.82321	0.485548	6.93799
100	24    	4.22052	1.79226	0.485499	6.93804
101	24    	4.21359	1.76886	0.484164	6.93804
102	24    	4.20575	1.73904	0.485499	6.93532
103	24    	4.20159	1.77858	0.483718	6.93532
104	24    	4.19601	1.83928	0.484857	6.936  
105	24    	4.19576	1.8393 	0.485893	6.936  
106	24    	4.19395	1.84192	0.486103	6.93666
107	24    	4.19136	1.84584	0.486392	6.9371 
108	24    	4.18849	1.85031	0.487828	6.9371 
109	24    	4.18682	1.853  	0.527174	6.93857
110	24    	4.18676	1.85315	0.528043	6.93857
111	24    	4.1867 	1.85326	0.528043	6.93872
112	24    	4.18666	1.85322	0.528485	6.93857
113	24    	4.18665	1.85317	0.528485	6.93857
114	24    	4.18663	1.85322	0.528485	6.93857
115	24    	4.18662	1.85318	0.528485	6.93857
116	24    	4.18645	1.85619	0.305581	6.9924 
117	24    	4.18579	1.86523	0.301844	6.9924 
118	24    	4.18517	1.87731	0.301844	6.99466
119	24    	4.18454	1.88626	0.301844	6.99466
120	24    	4.18389	1.89515	0.301844	6.99466
--- 5414.997200012207 seconds ---
ran GA
