preds
RHEB
['GRB2', 'PDPK1', 'PTK2']
preds
TSC2
['MCL1', 'TSC1', 'PIK3AP1']
preds
TSC1
['PIK3AP1', 'TSC2', 'PTEN']
preds
PDPK1
['IRS1', 'CRTC2', 'BCL2L1']
preds
PTEN
['MDM2', 'BCL2', 'MYB']
preds
IRS1
['PDPK1', 'PTK2', 'CRTC2']
preds
GSK3B
['NOS3', 'NR4A1', 'PIK3AP1']
preds
CDKN1B
['BCL2', 'NOS3', 'MDM2']
preds
FOXO3
['DDIT4', 'BCL2', 'MDM2']
preds
BAD
['PDPK1', 'CRTC2', 'RAC1']
preds
MDM2
['PTEN', 'MYB', 'CDKN1B']
preds
BCL2L1
['RAC1', 'PTK2', 'CDC37']
preds
GRB2
['CDC37', 'RHEB', 'PDPK1']
preds
THEM4
['NOS3', 'BCL2', 'CDKN1A']
preds
CDC37
['CASP9', 'BCL2L1', 'GRB2']
preds
NOS3
['GSK3B', 'THEM4', 'NR4A1']
preds
CRTC2
['IRS1', 'RAC1', 'EIF4EBP1']
preds
CDKN1A
['THEM4', 'NOS3', 'MDM2']
preds
CASP9
['CDC37', 'PTK2', 'RAC1']
preds
RAF1
['BCL2L1', 'CRTC2', 'CDC37']
preds
CD19
['CDC37', 'GRB2', 'BCL2L1']
preds
PTK2
['IRS1', 'BCL2L1', 'PDPK1']
preds
RAC1
['BCL2L1', 'CRTC2', 'IRS1']
preds
BRCA1
['PTK2', 'CDC37', 'GRB2']
preds
BCL2
['PTEN', 'CDKN1B', 'THEM4']
preds
MCL1
['TSC2', 'PIK3AP1', 'PTEN']
preds
MYB
['MDM2', 'PTEN', 'BCL2']
preds
PIK3AP1
['TSC1', 'MCL1', 'TSC2']
preds
NR4A1
['NOS3', 'GSK3B', 'MYB']
gen	nevals	avg    	std    	min       	max    
0  	24    	9.63767	6.02129	0.00201551	24.4412
1  	24    	8.61812	5.76029	0.00201551	24.4412
2  	24    	8.04322	5.65631	0.00473832	24.4   
3  	24    	7.90849	5.59194	0.00473832	24.3909
4  	24    	7.74531	5.50989	0.00506042	24.4027
5  	24    	7.48026	5.55011	0.00407829	24.4558
6  	24    	7.24829	5.32386	0.00407829	24.4558
7  	24    	7.0316 	5.29448	0.00333377	24.4558
8  	24    	6.76064	5.20968	0.00333377	24.4107
9  	24    	6.56504	5.02527	0.00506042	24.4146
10 	24    	6.34855	4.98269	0.00506042	24.4401
11 	24    	5.89201	4.46137	0.00506042	24.4401
12 	24    	5.59849	3.81426	0.00506042	24.4087
13 	24    	5.41512	3.53531	0.016648  	24.4087
14 	24    	5.24429	3.05665	0.0189481 	18.6696
15 	24    	5.14004	3.1458 	0.0180566 	19.2108
16 	24    	5.07553	3.08855	0.0180566 	19.2108
17 	24    	4.99937	2.76724	0.0189481 	18.6696
18 	24    	4.93931	2.74262	0.0176608 	18.6917
19 	24    	4.84175	2.71138	0.0176608 	20.9565
20 	24    	4.82361	2.60029	0.0176608 	18.6917
21 	24    	4.81112	2.60693	0.0176608 	18.6917
22 	24    	4.76935	2.76366	0.0168511 	18.6917
23 	24    	4.73068	2.73974	0.0172808 	19.1943
24 	24    	4.70752	2.76293	0.0172808 	19.619 
25 	24    	4.67569	2.77992	0.0160402 	19.619 
26 	24    	4.60939	2.71095	0.0160402 	19.1943
27 	24    	4.53232	2.70184	0.0150392 	19.1943
28 	24    	4.43232	2.7501 	0.0150392 	19.2028
29 	24    	4.36648	2.74118	0.0160402 	19.2028
30 	24    	4.27153	2.85645	0.0160402 	14.5906
31 	24    	4.16212	2.92132	0.0160402 	14.6273
32 	24    	4.12933	2.86104	0.0160402 	13.2017
33 	24    	4.0853 	2.86886	0.0142864 	13.231 
34 	24    	4.01534	2.9112 	0.0142864 	15.3767
35 	24    	3.98529	2.86679	0.0142864 	13.231 
36 	24    	3.97017	2.82203	0.0142864 	13.231 
37 	24    	3.9555 	2.77889	0.0172677 	13.2   
38 	24    	3.93187	2.76407	0.0155658 	13.2023
39 	24    	3.90716	2.70773	0.0155658 	13.2023
40 	24    	3.88813	2.73308	0.0155658 	13.2088
41 	24    	3.8244 	2.67799	0.0167204 	13.2023
42 	24    	3.80609	2.74626	0.0165547 	13.2023
43 	24    	3.76845	2.67101	0.0165547 	13.1867
44 	24    	3.74359	2.66265	0.0159187 	13.1904
45 	24    	3.70895	2.65813	0.0158827 	13.1992
46 	24    	3.65626	2.66285	0.0158827 	13.2072
47 	24    	3.60192	2.69047	0.0158827 	13.2072
48 	24    	3.54492	2.73591	0.0158827 	13.5407
49 	24    	3.50572	2.75068	0.016057  	13.5407
50 	24    	3.47307	2.73516	0.0154837 	13.2103
51 	24    	3.43905	2.62802	0.016057  	13.2103
52 	24    	3.43858	2.61676	0.0156297 	13.1936
53 	24    	3.43563	2.63638	0.016057  	13.1845
54 	24    	3.42922	2.63742	0.016057  	13.1696
55 	24    	3.42333	2.63996	0.0167556 	13.2032
56 	24    	3.3999 	2.65945	0.0170358 	13.2032
57 	24    	3.38997	2.67195	0.0158981 	13.2032
58 	24    	3.38927	2.67035	0.0158981 	13.1748
59 	24    	3.38892	2.66935	0.0158295 	13.1718
60 	24    	3.3888 	2.66962	0.0158295 	13.1764
61 	24    	3.38867	2.66956	0.0158295 	13.1755
62 	24    	3.38856	2.67033	0.0158295 	13.1755
63 	24    	3.38826	2.67107	0.0158295 	13.2002
64 	24    	3.38813	2.6725 	0.0152872 	13.2203
65 	24    	3.38799	2.67474	0.0152872 	13.2203
66 	24    	3.38739	2.67853	0.0158295 	13.2002
67 	24    	3.38716	2.68383	0.0158295 	13.2002
68 	24    	3.3863 	2.69458	0.0157134 	13.2002
69 	24    	3.38584	2.70095	0.0157134 	13.193 
70 	24    	3.3856 	2.70091	0.0157134 	13.1917
71 	24    	3.38545	2.7008 	0.0157134 	13.1806
72 	24    	3.38519	2.70107	0.0157134 	13.1806
73 	24    	3.38456	2.70097	0.0157134 	13.1806
74 	24    	3.38452	2.70129	0.0157134 	13.1841
75 	24    	3.38438	2.70097	0.0157134 	13.1841
76 	24    	3.38424	2.7013 	0.0157134 	13.1841
77 	24    	3.38407	2.70116	0.0157134 	13.1841
78 	24    	3.38399	2.70039	0.0157134 	13.1841
79 	24    	3.38397	2.69984	0.0157134 	13.1841
80 	24    	3.38395	2.69967	0.0157134 	13.1841
81 	24    	3.38391	2.6995 	0.0157134 	13.1841
82 	24    	3.38391	2.6995 	0.0157134 	13.1841
83 	24    	3.38391	2.6995 	0.0157134 	13.1841
84 	24    	3.38391	2.6995 	0.0157134 	13.1841
85 	24    	3.38383	2.70009	0.0157134 	13.1841
86 	24    	3.38382	2.69967	0.0157134 	13.1754
87 	24    	3.38274	2.69843	0.0157134 	13.1754
88 	24    	3.38075	2.69622	0.0157134 	13.1754
89 	24    	3.37794	2.69459	0.0157134 	13.1878
90 	24    	3.37622	2.69331	0.0157134 	13.1894
91 	24    	3.37148	2.68894	0.0157134 	13.1894
92 	24    	3.36432	2.68485	0.0147869 	13.2127
93 	24    	3.36038	2.68413	0.0147869 	13.2127
94 	24    	3.35911	2.68381	0.0165373 	13.1966
95 	24    	3.35541	2.68393	0.0165373 	13.195 
96 	24    	3.35265	2.68429	0.0165373 	13.2169
97 	24    	3.34929	2.68562	0.0151748 	13.2169
98 	24    	3.34302	2.68651	0.0151748 	13.2169
99 	24    	3.33778	2.68643	0.017271  	13.1952
100	24    	3.32901	2.68525	0.0170623 	13.2161
101	24    	3.31616	2.6826 	0.0171492 	13.2161
102	24    	3.30448	2.68158	0.0171492 	13.2161
103	24    	3.29365	2.67101	0.0157512 	13.2161
104	24    	3.28707	2.6569 	0.0168315 	13.2007
105	24    	3.27824	2.64334	0.0168315 	13.2007
106	24    	3.27043	2.6333 	0.0168315 	13.2007
107	24    	3.25063	2.59414	0.0166782 	13.2007
108	24    	3.19842	2.48618	0.0171396 	13.1992
109	24    	3.15676	2.4165 	0.016213  	13.1811
110	24    	3.13809	2.40998	0.0153083 	13.1811
111	24    	3.13757	2.40995	0.0153083 	13.1849
112	24    	3.13744	2.40982	0.0153083 	13.1849
113	24    	3.13723	2.40975	0.0153083 	13.1849
114	24    	3.13711	2.40918	0.0153083 	13.1811
115	24    	3.13598	2.40883	0.0153083 	13.1811
116	24    	3.13583	2.40856	0.0153083 	13.1811
117	24    	3.13296	2.41101	0.0153083 	13.1806
118	24    	3.1316 	2.41185	0.0153083 	13.1824
119	24    	3.12998	2.41258	0.0155045 	13.1953
120	24    	3.12634	2.41588	0.0155045 	13.2166
--- 15773.282564163208 seconds ---
ran GA
