slurmstepd: error: task/cgroup: unable to add task[pid=36133] to memory cg '(null)'
preds
RHEB
['GRB2', 'BAD', 'TSC2']
preds
TSC2
['PIK3AP1', 'FOXO3', 'THEM4']
preds
TSC1
['MDM2', 'MYB', 'GSK3B']
preds
PDPK1
['IRS1', 'CRTC2', 'RAC1']
preds
PTEN
['MDM2', 'BCL2', 'MYB']
preds
IRS1
['PDPK1', 'CRTC2', 'BCL2L1']
preds
GSK3B
['NOS3', 'NR4A1', 'FOXO3']
preds
CDKN1B
['PTEN', 'PIK3AP1', 'CD19']
preds
FOXO3
['NOS3', 'BCL2', 'GSK3B']
preds
BAD
['CRTC2', 'GRB2', 'IRS1']
preds
MDM2
['PTEN', 'THEM4', 'FOXO3']
preds
BCL2L1
['IRS1', 'CDC37', 'GRB2']
preds
GRB2
['CDC37', 'BCL2L1', 'RHEB']
preds
THEM4
['NOS3', 'BCL2', 'PTEN']
preds
CDC37
['CASP9', 'BCL2L1', 'GRB2']
preds
NOS3
['GSK3B', 'THEM4', 'FOXO3']
preds
CRTC2
['IRS1', 'RAC1', 'PTK2']
preds
CDKN1A
['NR4A1', 'CCND1', 'TSC1']
preds
CASP9
['CDC37', 'GRB2', 'PTK2']
preds
RAF1
['RAC1', 'PTK2', 'BCL2L1']
preds
CD19
['SYK', 'CDC37', 'GRB2']
preds
PTK2
['CRTC2', 'RAC1', 'CDC37']
preds
RAC1
['CRTC2', 'BRCA1', 'PDPK1']
preds
BRCA1
['RAC1', 'PTK2', 'CDC37']
preds
BCL2
['PTEN', 'THEM4', 'MYB']
preds
MCL1
['PIK3AP1', 'BCL2', 'PTEN']
preds
MYB
['PTEN', 'BCL2', 'NR4A1']
preds
PIK3AP1
['TP53', 'MCL1', 'TSC2']
preds
NR4A1
['GSK3B', 'MYB', 'PTEN']
gen	nevals	avg    	std    	min     	max    
0  	24    	9.06054	5.70422	0.207032	21.7352
1  	24    	8.17448	5.4084 	0.0953067	21.7575
2  	24    	7.53627	5.1425 	0.0825385	21.7575
3  	24    	7.13226	4.85913	0.0819404	21.7352
4  	24    	6.84199	4.82991	0.0819404	21.7352
5  	24    	6.35511	4.31588	0.0818984	21.7352
6  	24    	6.11341	4.12378	0.0722269	19.9039
7  	24    	5.85089	4.02009	0.278516 	19.9039
8  	24    	5.65758	3.80239	0.375144 	19.9039
9  	24    	5.61583	3.78583	0.196747 	19.9039
10 	24    	5.56618	3.76791	0.196747 	19.9039
11 	24    	5.54044	3.73062	0.196747 	19.9039
12 	24    	5.52853	3.75237	0.196685 	19.9039
13 	24    	5.49965	3.75641	0.196649 	19.9039
14 	24    	5.4733 	3.78278	0.196649 	19.9039
15 	24    	5.45683	3.85452	0.196632 	19.9039
16 	24    	5.4388 	3.87397	0.196632 	19.9039
17 	24    	5.40956	3.86472	0.196655 	19.9039
18 	24    	5.4    	3.85749	0.196645 	19.9039
19 	24    	5.35867	3.8196 	0.196634 	19.9039
20 	24    	5.31928	3.81024	0.196634 	19.9039
21 	24    	5.30964	3.8223 	0.196634 	19.9039
22 	24    	5.30946	3.82236	0.196635 	19.9039
23 	24    	5.30941	3.82237	0.196635 	19.9039
24 	24    	5.30933	3.82237	0.196592 	19.9039
25 	24    	5.3032 	3.81938	0.196592 	19.9039
26 	24    	5.29716	3.81636	0.196592 	19.9039
27 	24    	5.28509	3.81024	0.196592 	19.9039
28 	24    	5.28505	3.81024	0.196592 	19.9039
29 	24    	5.26095	3.79787	0.196592 	19.9039
30 	24    	5.19691	3.71747	0.196578 	19.9039
31 	24    	5.15456	3.69414	0.196578 	19.9039
32 	24    	5.13125	3.58494	0.196578 	19.9039
33 	24    	5.11791	3.52783	0.196638 	19.9039
34 	24    	5.07168	3.29405	0.196686 	19.9039
35 	24    	4.99124	2.83455	0.196693 	19.9039
36 	24    	4.92306	2.17523	0.1687   	11.7006
37 	24    	4.91309	2.20268	0.166357 	11.7006
38 	24    	4.89894	2.24594	0.166357 	11.7006
39 	24    	4.87274	2.25198	0.389076 	11.7006
40 	24    	4.84547	2.29054	0.389208 	11.7006
41 	24    	4.82112	2.30721	0.389452 	11.7006
42 	24    	4.80962	2.3098 	0.389452 	11.7006
43 	24    	4.79176	2.30726	0.388982 	11.7006
44 	24    	4.75548	2.30113	0.389269 	11.7006
45 	24    	4.69337	2.28976	0.388867 	11.7006
46 	24    	4.62321	2.27768	0.388867 	11.7006
47 	24    	4.62294	2.27557	0.389346 	11.7006
48 	24    	4.62124	2.26528	0.293973 	11.7006
49 	24    	4.61647	2.25488	0.293973 	11.7006
50 	24    	4.61413	2.24447	0.293973 	11.7006
51 	24    	4.60705	2.21951	0.293973 	11.7006
52 	24    	4.59062	2.19061	0.293973 	11.7006
53 	24    	4.5808 	2.18358	0.389479 	11.7006
54 	24    	4.57019	2.13393	0.389249 	11.7006
55 	24    	4.55388	2.02409	0.389024 	8.97631
56 	24    	4.53257	2.02675	0.388982 	8.97631
57 	24    	4.51682	2.0573 	0.388982 	8.98578
58 	24    	4.4988 	2.08309	0.388982 	8.98578
59 	24    	4.48331	2.1203 	0.388982 	8.98247
60 	24    	4.47755	2.11683	0.389637 	8.97802
61 	24    	4.47468	2.11287	0.388869 	8.97931
62 	24    	4.45771	2.10376	0.388869 	8.98853
63 	24    	4.44598	2.09797	0.388869 	8.98853
64 	24    	4.40639	2.07456	0.389068 	8.9867 
65 	24    	4.355  	2.03335	0.389131 	8.85648
66 	24    	4.35439	2.03291	0.389712 	8.86772
67 	24    	4.35209	2.03391	0.389843 	8.87216
68 	24    	4.34845	2.03376	0.389733 	8.87216
69 	24    	4.34484	2.03343	0.389733 	8.87216
70 	24    	4.33189	2.03466	0.388976 	8.8565 
71 	24    	4.31458	2.03668	0.388976 	8.87894
72 	24    	4.30529	2.04946	0.394952 	8.87894
73 	24    	4.30384	2.04938	0.198562 	8.87894
74 	24    	4.30098	2.04893	0.198171 	8.87894
75 	24    	4.2976 	2.04853	0.197423 	8.87894
76 	24    	4.2929 	2.04445	0.197423 	8.86897
77 	24    	4.28273	2.04059	0.197423 	8.86897
78 	24    	4.27601	2.02983	0.197423 	8.86897
79 	24    	4.27135	2.02289	0.197423 	8.86897
80 	24    	4.26035	1.99955	0.197854 	8.86897
81 	24    	4.25241	1.97731	0.197854 	8.86456
82 	24    	4.23967	1.95823	0.197736 	7.92691
83 	24    	4.23593	1.9564 	0.198275 	7.93023
84 	24    	4.23282	1.95832	0.197712 	7.93091
85 	24    	4.22743	1.96017	0.100136 	7.93091
86 	24    	4.22251	1.95638	0.100136 	7.93091
87 	24    	4.21634	1.95544	0.100121 	7.93091
88 	24    	4.21255	1.95515	0.100121 	7.93091
89 	24    	4.20381	1.95515	0.100121 	7.93091
90 	24    	4.1989 	1.95203	0.324929 	7.93091
91 	24    	4.19463	1.94739	0.32477  	7.93036
92 	24    	4.19231	1.95949	0.312767 	8.68302
93 	24    	4.18623	1.972  	0.29942  	8.72245
94 	24    	4.18353	1.9802 	0.29942  	8.72245
95 	24    	4.17262	2.02331	0.29942  	8.72245
96 	24    	4.16959	2.03319	0.29942  	8.71761
97 	24    	4.15555	2.02772	0.29942  	8.72479
98 	24    	4.12723	2.0821 	0.167228 	8.72479
99 	24    	4.07525	2.07482	0.0991234	8.7093 
100	24    	4.03108	2.04131	0.0991234	8.62533
101	24    	4.01571	2.05713	0.0991234	8.42599
102	24    	4.00681	2.05442	0.0991234	8.42599
103	24    	3.99088	2.0567 	0.098715 	8.42599
104	24    	3.96458	2.02771	0.0983281	8.42599
105	24    	3.93956	1.98157	0.0982489	8.42599
106	24    	3.9093 	1.92227	0.0982489	9.94162
107	24    	3.89585	1.91447	0.0983281	9.94162
108	24    	3.87665	1.89841	0.0983281	9.97178
109	24    	3.84872	1.85285	0.0982032	8.39196
110	24    	3.84515	1.85031	0.0983446	8.39933
111	24    	3.83192	1.84263	0.097937 	8.42301
112	24    	3.8181 	1.82891	0.097937 	8.39687
113	24    	3.81415	1.83375	0.097937 	8.40826
114	24    	3.81352	1.84873	0.0983568	8.40826
115	24    	3.81208	1.85196	0.0982583	8.44155
116	24    	3.80902	1.86314	0.0978302	8.44155
117	24    	3.80408	1.86625	0.0978302	8.44155
118	24    	3.79469	1.87296	0.0978302	9.40239
119	24    	3.78719	1.86719	0.0978302	9.40239
120	24    	3.78276	1.84816	0.097506 	9.40239
--- 20370.407284021378 seconds ---
ran GA
