preds
RHEB
['GRB2', 'EIF4B', 'PIK3AP1']
preds
TSC2
['TSC1', 'PIK3AP1', 'DDIT4']
preds
TSC1
['MCL1', 'PIK3AP1', 'TSC2']
preds
PDPK1
['IRS1', 'CRTC2', 'RAC1']
preds
PTEN
['MDM2', 'THEM4', 'NR4A1']
preds
IRS1
['PDPK1', 'BCL2L1', 'RAC1']
preds
GSK3B
['NOS3', 'BCL2', 'NR4A1']
preds
CDKN1B
['THEM4', 'BCL2', 'CDKN1A']
preds
FOXO3
['THEM4', 'GSK3B', 'MYB']
preds
BAD
['PDPK1', 'CRTC2', 'RAC1']
preds
MDM2
['PTEN', 'THEM4', 'CDKN1A']
preds
BCL2L1
['IRS1', 'RAC1', 'PTK2']
preds
GRB2
['BCL2L1', 'RHEB', 'CASP9']
preds
THEM4
['CDKN1B', 'FOXO3', 'BCL2']
preds
CDC37
['CASP9', 'RAC1', 'IRS1']
preds
NOS3
['GSK3B', 'MCL1', 'TSC2']
preds
CRTC2
['RAC1', 'PDPK1', 'BRCA1']
preds
CDKN1A
['CDKN1B', 'THEM4', 'MDM2']
preds
CASP9
['CDC37', 'BCL2L1', 'GRB2']
preds
RAF1
['PTK2', 'BCL2L1', 'GRB2']
preds
CD19
['CDC37', 'EIF4EBP1', 'IRS1']
preds
PTK2
['BCL2L1', 'SYK', 'RAC1']
preds
RAC1
['BCL2L1', 'CRTC2', 'IRS1']
preds
BRCA1
['CRTC2', 'PTK2', 'GRB2']
preds
BCL2
['CDKN1B', 'THEM4', 'GSK3B']
preds
MCL1
['TSC1', 'PIK3AP1', 'THEM4']
preds
MYB
['FOXO3', 'CDKN1B', 'THEM4']
preds
PIK3AP1
['TSC1', 'MCL1', 'TSC2']
preds
NR4A1
['GSK3B', 'BCL2', 'PTEN']
gen	nevals	avg    	std    	min       	max    
0  	24    	8.63795	5.33307	0.00628852	21.7352
1  	24    	7.61388	4.97876	0.00418705	26.0913
2  	24    	6.95161	4.80097	0.00418705	26.0913
3  	24    	6.59205	4.65681	0.00628852	21.8384
4  	24    	6.43152	4.58951	0.00628852	21.8384
5  	24    	6.11787	4.10409	0.00628852	21.6881
6  	24    	5.89317	3.62827	0.373256  	20.3877
7  	24    	5.71722	3.42549	0.242996  	22.1996
8  	24    	5.59595	3.36652	0.242996  	22.2569
9  	24    	5.42092	3.08445	0.242996  	22.2569
10 	24    	5.22191	2.74091	0.145196  	22.3211
11 	24    	5.08787	2.32399	0.143371  	14.8932
12 	24    	5.0157 	2.13813	0.143371  	10.6547
13 	24    	5.01246	2.09395	0.143371  	10.6509
14 	24    	5.01055	2.08323	0.145196  	10.6509
15 	24    	4.99494	2.04738	0.240722  	9.55864
16 	24    	4.97974	2.04192	0.231016  	9.55864
17 	24    	4.9368 	2.03018	0.231016  	9.55864
18 	24    	4.88486	2.02003	0.231016  	9.72081
19 	24    	4.81718	1.99999	0.226397  	10.3263
20 	24    	4.6774 	1.95168	0.226397  	10.3263
21 	24    	4.67227	1.932  	0.225585  	8.92916
22 	24    	4.67071	1.93549	0.225585  	8.92485
23 	24    	4.66912	1.93255	0.224529  	8.83771
24 	24    	4.66532	1.92902	0.224529  	8.82801
25 	24    	4.66492	1.91742	0.224529  	8.82801
26 	24    	4.65854	1.91192	0.224915  	8.81327
27 	24    	4.6491 	1.89237	0.224915  	8.81327
28 	24    	4.62641	1.86969	0.225538  	8.80781
29 	24    	4.59051	1.83408	0.224894  	8.79691
30 	24    	4.58653	1.78677	0.223133  	8.79691
31 	24    	4.57823	1.72293	0.223133  	8.83041
32 	24    	4.57299	1.69852	0.223457  	8.83041
33 	24    	4.56535	1.7217 	0.223922  	8.83041
34 	24    	4.54213	1.73772	0.224117  	8.83041
35 	24    	4.51645	1.76186	0.302014  	8.82152
36 	24    	4.49672	1.73676	0.303011  	7.81685
37 	24    	4.49083	1.69334	0.353478  	7.81685
38 	24    	4.48339	1.70412	0.353129  	7.81685
39 	24    	4.47609	1.71492	0.350816  	7.81685
40 	24    	4.45455	1.74639	0.350816  	7.81685
41 	24    	4.4188 	1.79763	0.352079  	7.81685
42 	24    	4.36073	1.87233	0.352079  	7.81685
43 	24    	4.31349	1.92085	0.864841  	7.81685
44 	24    	4.30569	1.91199	0.353876  	8.03478
45 	24    	4.29287	1.89359	0.353876  	8.03478
46 	24    	4.26751	1.87098	0.353876  	8.18336
47 	24    	4.24034	1.82776	0.481464  	8.02888
48 	24    	4.23471	1.83429	0.468938  	8.05893
49 	24    	4.21636	1.85326	0.4481    	8.07531
50 	24    	4.19101	1.87005	0.4481    	8.07531
51 	24    	4.14971	1.86739	0.446961  	7.6682 
52 	24    	4.13653	1.86749	0.446961  	8.81519
53 	24    	4.11202	1.88275	0.356261  	8.84331
54 	24    	4.08035	1.87684	0.356261  	8.87255
55 	24    	4.06626	1.89661	0.356261  	8.50326
56 	24    	4.05671	1.94289	0.356261  	8.50861
57 	24    	4.04143	1.99123	0.355523  	8.54036
58 	24    	4.03118	2.0125 	0.361168  	8.54036
59 	24    	4.02532	1.98807	0.354963  	8.24351
60 	24    	4.01204	2.00229	0.354963  	8.24351
61 	24    	3.97725	2.01726	0.354963  	8.24355
62 	24    	3.94898	2.0252 	0.354963  	8.24714
63 	24    	3.93533	2.06836	0.354963  	8.24714
64 	24    	3.92523	2.03045	0.356927  	8.25222
65 	24    	3.91026	2.03589	0.353559  	8.25222
66 	24    	3.88609	2.06799	0.353559  	7.59594
67 	24    	3.88036	2.10131	0.35568   	7.62009
68 	24    	3.87672	2.09792	0.353042  	7.61428
69 	24    	3.86691	2.09557	0.329093  	7.61428
70 	24    	3.85453	2.09409	0.329093  	7.62711
71 	24    	3.84033	2.08519	0.329093  	7.62711
72 	24    	3.8321 	2.08816	0.328929  	7.64149
73 	24    	3.80795	2.1019 	0.328929  	8.84403
74 	24    	3.77785	2.11338	0.32871   	8.84403
75 	24    	3.73161	2.1386 	0.113477  	8.84403
76 	24    	3.71875	2.14083	0.111002  	8.43923
77 	24    	3.70528	2.15814	0.11046   	8.46746
78 	24    	3.70156	2.177  	0.11046   	8.46746
79 	24    	3.68829	2.16776	0.110601  	8.45187
80 	24    	3.66652	2.1369 	0.113166  	8.45187
81 	24    	3.65665	2.11428	0.113719  	8.40384
82 	24    	3.6526 	2.11592	0.113719  	8.40384
83 	24    	3.64865	2.11537	0.113719  	8.40384
84 	24    	3.64297	2.12383	0.111362  	8.42636
85 	24    	3.63634	2.14728	0.110595  	8.4824 
86 	24    	3.63061	2.1679 	0.0941709 	8.4824 
87 	24    	3.62441	2.17067	0.0941709 	8.45376
88 	24    	3.61695	2.17417	0.110977  	8.45999
89 	24    	3.61345	2.17441	0.110463  	8.45741
90 	24    	3.61231	2.17522	0.110463  	8.43916
91 	24    	3.61102	2.17527	0.110463  	8.44541
92 	24    	3.61003	2.17504	0.110463  	8.46247
93 	24    	3.60885	2.17534	0.110389  	8.46247
94 	24    	3.60705	2.17537	0.110389  	8.44965
95 	24    	3.6048 	2.17704	0.110389  	8.47607
96 	24    	3.60266	2.17892	0.110704  	8.47607
97 	24    	3.60107	2.18022	0.110116  	8.47607
98 	24    	3.59974	2.17913	0.110116  	8.44145
99 	24    	3.59704	2.17807	0.111412  	8.44145
100	24    	3.59301	2.16981	0.10978   	8.462  
101	24    	3.59215	2.16889	0.110337  	8.46442
102	24    	3.59098	2.16282	0.110337  	8.46442
103	24    	3.59001	2.1571 	0.110337  	8.46442
104	24    	3.58282	2.14419	0.00936303	8.46442
105	24    	3.57634	2.13667	0.00926266	8.47246
106	24    	3.56852	2.12895	0.00877056	8.45909
107	24    	3.55948	2.17191	0.00877056	8.49502
108	24    	3.552  	2.20189	0.00877056	8.4592 
109	24    	3.55098	2.20073	0.00907367	8.4592 
110	24    	3.54728	2.19641	0.00900994	8.4592 
111	24    	3.54301	2.19178	0.00900994	8.4592 
112	24    	3.53551	2.18259	0.00893248	8.4592 
113	24    	3.5267 	2.17193	0.00893248	8.43653
114	24    	3.52217	2.16851	0.00885989	8.40223
115	24    	3.51753	2.16413	0.00885989	7.8386 
116	24    	3.51703	2.16469	0.00885989	7.8386 
117	24    	3.51613	2.1639 	0.00926263	7.8386 
118	24    	3.51183	2.154  	0.00918182	7.8386 
119	24    	3.50652	2.1487 	0.00935753	7.82382
120	24    	3.50309	2.14215	0.00935753	7.79571
--- 15832.072629213333 seconds ---
ran GA
