preds
RHEB
['RAC1', 'RAF1', 'TSC2']
preds
TSC2
['BCL2', 'FOXO3', 'DDIT4']
preds
TSC1
['MCL1', 'PTEN', 'MDM2']
preds
PDPK1
['IRS1', 'CRTC2', 'BCL2L1']
preds
PTEN
['GSK3B', 'MYB', 'DDIT4']
preds
IRS1
['PDPK1', 'PTK2', 'BCL2L1']
preds
GSK3B
['PTEN', 'CDKN1B', 'FOXO3']
preds
CDKN1B
['THEM4', 'NR4A1', 'FOXO3']
preds
FOXO3
['THEM4', 'CDKN1B', 'BCL2']
preds
BAD
['PDPK1', 'CRTC2', 'RAC1']
preds
MDM2
['MYB', 'NOS3', 'THEM4']
preds
BCL2L1
['IRS1', 'RAC1', 'CDC37']
preds
GRB2
['CASP9', 'PDPK1', 'RAC1']
preds
THEM4
['CDKN1B', 'FOXO3', 'NOS3']
preds
CDC37
['CASP9', 'BCL2L1', 'RAC1']
preds
NOS3
['THEM4', 'BCL2', 'MDM2']
preds
CRTC2
['PDPK1', 'SYK', 'BRCA1']
preds
CDKN1A
['THEM4', 'PTEN', 'MDM2']
preds
CASP9
['CDC37', 'GRB2', 'PTK2']
preds
RAF1
['RAC1', 'RHEB', 'BCL2L1']
preds
CD19
['CDC37', 'GRB2', 'BCL2L1']
preds
PTK2
['IRS1', 'RAC1', 'CDC37']
preds
RAC1
['RHEB', 'BCL2L1', 'BRCA1']
preds
BRCA1
['RAC1', 'CRTC2', 'CDC37']
preds
BCL2
['NOS3', 'THEM4', 'MYB']
preds
MCL1
['TSC1', 'PIK3AP1', 'BCL2']
preds
MYB
['MDM2', 'PTEN', 'BCL2']
preds
PIK3AP1
['MCL1', 'MYB', 'PTEN']
preds
NR4A1
['CDKN1B', 'MCL1', 'PIK3AP1']
gen	nevals	avg    	std    	min      	max    
0  	24    	8.39144	5.31873	0.0149989	21.7352
1  	24    	7.34738	4.74004	0.0006001	24.5235
2  	24    	6.89288	4.35955	0.0134561	21.7352
3  	24    	6.44677	4.06842	0.0145137	21.7352
4  	24    	6.16203	3.54378	0.152449 	21.7352
5  	24    	5.84075	3.09472	0.152862 	21.7352
6  	24    	5.6158 	2.68577	0.166489 	19.3491
7  	24    	5.45185	2.57116	0.167172 	18.1742
8  	24    	5.37934	2.51197	0.195785 	18.1802
9  	24    	5.28366	2.39506	0.195962 	18.1802
10 	24    	5.20903	2.44001	0.195878 	18.1802
11 	24    	5.11342	2.36728	0.195878 	18.1802
12 	24    	5.01573	2.23085	0.19589  	14.6256
13 	24    	4.87744	2.08134	0.196132 	12.6928
14 	24    	4.79098	2.01311	0.196132 	13.0053
15 	24    	4.73268	1.9092 	0.196132 	12.1366
16 	24    	4.717  	1.84939	0.196132 	12.1346
17 	24    	4.69837	1.78727	0.196132 	10.3552
18 	24    	4.67369	1.76535	0.196132 	9.28537
19 	24    	4.65778	1.79368	0.196132 	9.28537
20 	24    	4.64081	1.80104	0.196109 	9.28447
21 	24    	4.6312 	1.8601 	0.196109 	9.2813 
22 	24    	4.62125	1.85877	0.196109 	9.2839 
23 	24    	4.60791	1.81173	0.196109 	9.2839 
24 	24    	4.5907 	1.74413	0.196654 	9.2839 
25 	24    	4.57478	1.71546	0.349661 	9.28239
26 	24    	4.55383	1.69604	0.349765 	9.27967
27 	24    	4.52765	1.69609	0.349605 	9.00964
28 	24    	4.50769	1.70363	0.349605 	8.05651
29 	24    	4.49305	1.6988 	0.349605 	8.05651
30 	24    	4.47928	1.69456	0.349615 	8.05651
31 	24    	4.47614	1.69711	0.349615 	8.39018
32 	24    	4.47144	1.6944 	0.349615 	8.39018
33 	24    	4.46472	1.69946	0.349666 	8.39018
34 	24    	4.45097	1.69638	0.349744 	8.39018
35 	24    	4.44341	1.70868	0.349591 	8.39018
36 	24    	4.44272	1.71249	0.349591 	8.39018
37 	24    	4.43138	1.74709	0.349591 	8.39018
38 	24    	4.41285	1.74887	0.349326 	8.38945
39 	24    	4.39348	1.73487	0.349326 	8.38945
40 	24    	4.36397	1.72675	0.349591 	8.05651
41 	24    	4.34429	1.73011	0.349661 	8.05651
42 	24    	4.33706	1.73143	0.34953  	8.05651
43 	24    	4.31965	1.73155	0.34953  	8.05651
44 	24    	4.29784	1.74063	0.34953  	8.05651
45 	24    	4.27989	1.76682	0.349767 	8.05651
46 	24    	4.27167	1.82862	0.349748 	8.05651
47 	24    	4.25796	1.82065	0.349767 	8.05651
48 	24    	4.2359 	1.79409	0.349824 	8.05651
49 	24    	4.22782	1.78512	0.349704 	7.13554
50 	24    	4.22736	1.78516	0.349704 	7.13633
51 	24    	4.22728	1.78527	0.349704 	7.13944
52 	24    	4.22713	1.78521	0.346316 	7.13696
53 	24    	4.22509	1.78397	0.346287 	7.1387 
54 	24    	4.22349	1.78285	0.346175 	7.35959
55 	24    	4.21825	1.77921	0.346175 	7.38372
56 	24    	4.21144	1.77441	0.346175 	7.38372
57 	24    	4.19888	1.76561	0.346089 	7.38372
58 	24    	4.18747	1.75754	0.346089 	7.3804 
59 	24    	4.18279	1.75511	0.346089 	7.37558
60 	24    	4.17621	1.74971	0.346089 	7.13757
61 	24    	4.17383	1.74743	0.346089 	7.13757
62 	24    	4.17133	1.74504	0.346089 	7.14043
63 	24    	4.15882	1.73246	0.346089 	7.14043
64 	24    	4.13515	1.70466	0.346089 	7.14043
65 	24    	4.11737	1.68899	0.346202 	7.13773
66 	24    	4.10527	1.6782 	0.346192 	7.13621
67 	24    	4.09711	1.67014	0.349661 	7.13446
68 	24    	4.08014	1.65603	0.349746 	6.94682
69 	24    	4.05746	1.62907	0.349885 	6.58315
70 	24    	4.05663	1.62841	0.349547 	6.58191
71 	24    	4.05564	1.62646	0.349547 	6.58191
72 	24    	4.05418	1.62321	0.33382  	6.58169
73 	24    	4.05243	1.61854	0.33382  	6.58002
74 	24    	4.05069	1.61389	0.370277 	6.50125
75 	24    	4.05057	1.61371	0.370277 	6.50095
76 	24    	4.05049	1.61361	0.370277 	6.50095
77 	24    	4.04845	1.61326	0.370277 	6.50095
78 	24    	4.04834	1.61327	0.370277 	6.49985
79 	24    	4.04794	1.61296	0.370277 	6.49985
80 	24    	4.0476 	1.61247	0.370277 	6.5004 
81 	24    	4.04192	1.61032	0.370277 	6.50188
82 	24    	4.039  	1.61014	0.370277 	6.50188
83 	24    	4.03031	1.60624	0.370277 	6.50188
84 	24    	4.02394	1.60306	0.370277 	6.50188
85 	24    	4.01185	1.60581	0.370277 	6.50225
86 	24    	4.00254	1.60185	0.370277 	6.50225
87 	24    	4.00189	1.60125	0.370277 	6.50225
88 	24    	4.00109	1.60032	0.370277 	6.50225
89 	24    	3.99989	1.59836	0.370277 	6.50225
90 	24    	3.99806	1.59456	0.370277 	6.50229
91 	24    	3.99577	1.5923 	0.370277 	6.50229
92 	24    	3.99224	1.59182	0.370277 	6.50225
93 	24    	3.99026	1.59295	0.370277 	6.50073
94 	24    	3.98892	1.59388	0.370277 	6.50199
95 	24    	3.98688	1.5893 	0.370277 	6.50199
96 	24    	3.98245	1.59189	0.370277 	6.50095
97 	24    	3.97515	1.58946	0.370277 	6.50254
98 	24    	3.97   	1.58606	0.370277 	6.50254
99 	24    	3.96784	1.57499	0.370277 	6.50254
100	24    	3.96316	1.54133	0.370277 	6.50254
101	24    	3.95762	1.50707	0.370277 	6.50147
102	24    	3.95001	1.51494	0.370277 	6.49972
103	24    	3.94132	1.4859 	0.370277 	6.50083
104	24    	3.93827	1.47433	0.370277 	6.50083
105	24    	3.93414	1.47156	0.370277 	6.50105
106	24    	3.9303 	1.46922	0.370277 	6.50096
107	24    	3.92932	1.4708 	0.370277 	7.03236
108	24    	3.92915	1.4707 	0.370277 	7.03236
109	24    	3.92841	1.47182	0.370277 	7.03816
110	24    	3.92823	1.47131	0.370277 	7.03816
111	24    	3.92746	1.47238	0.370277 	7.03816
112	24    	3.92642	1.47499	0.370277 	7.03816
113	24    	3.9245 	1.47642	0.370277 	7.03816
114	24    	3.92208	1.48618	0.370277 	7.06303
115	24    	3.9194 	1.50734	0.370277 	7.06303
116	24    	3.91888	1.50909	0.370277 	7.06072
117	24    	3.91864	1.51038	0.370277 	7.04331
118	24    	3.91826	1.51046	0.370277 	7.04331
119	24    	3.91825	1.51047	0.370277 	7.04331
120	24    	3.91811	1.51007	0.370277 	7.04331
--- 16731.575485229492 seconds ---
ran GA
