slurmstepd: error: task/cgroup: unable to add task[pid=36148] to memory cg '(null)'
preds
RHEB
['CDC37', 'BCL2L1', 'THEM4']
preds
TSC2
['MCL1', 'BCL2', 'FOXO3']
preds
TSC1
['PIK3AP1', 'BCL2', 'PTEN']
preds
PDPK1
['IRS1', 'CRTC2', 'RAC1']
preds
PTEN
['MDM2', 'MYB', 'NOS3']
preds
IRS1
['PDPK1', 'PTK2', 'BCL2L1']
preds
GSK3B
['BCL2', 'CDKN1B', 'FOXO3']
preds
CDKN1B
['NR4A1', 'NOS3', 'PTEN']
preds
FOXO3
['THEM4', 'BCL2', 'GSK3B']
preds
BAD
['PDPK1', 'RAC1', 'IRS1']
preds
MDM2
['PTEN', 'MYB', 'BCL2']
preds
BCL2L1
['IRS1', 'PTK2', 'CDC37']
preds
GRB2
['BCL2L1', 'CASP9', 'PTK2']
preds
THEM4
['FOXO3', 'NR4A1', 'BCL2']
preds
CDC37
['CASP9', 'BCL2L1', 'RAC1']
preds
NOS3
['NR4A1', 'PTEN', 'CDKN1B']
preds
CRTC2
['RAC1', 'EIF4E', 'PTK2']
preds
CDKN1A
['THEM4', 'MDM2', 'PIK3AP1']
preds
CASP9
['CDC37', 'GRB2', 'PTK2']
preds
RAF1
['BRCA1', 'PTK2', 'CRTC2']
preds
CD19
['GRB2', 'CASP9', 'PDPK1']
preds
PTK2
['IRS1', 'EIF4EBP1', 'BCL2L1']
preds
RAC1
['CRTC2', 'IRS1', 'PDPK1']
preds
BRCA1
['CDC37', 'GRB2', 'PDPK1']
preds
BCL2
['MDM2', 'THEM4', 'MYB']
preds
MCL1
['TSC2', 'PIK3AP1', 'PTEN']
preds
MYB
['MDM2', 'PTEN', 'BCL2']
preds
PIK3AP1
['TSC1', 'MCL1', 'MYB']
preds
NR4A1
['CDKN1B', 'THEM4', 'NOS3']
gen	nevals	avg    	std    	min      	max    
0  	24    	8.76354	5.45769	0.0100986	21.7352
1  	24    	7.80422	5.1179 	0.0100986	21.7352
2  	24    	7.03654	4.55212	0.00741924	21.7352
3  	24    	6.64617	4.18953	0.165212  	21.7352
4  	24    	6.31462	3.73002	0.156484  	19.9039
5  	24    	6.13981	3.66266	0.164486  	19.9039
6  	24    	5.99357	3.6247 	0.164486  	18.4463
7  	24    	5.79532	3.33356	0.164486  	18.4463
8  	24    	5.65531	3.17555	0.164543  	18.0833
9  	24    	5.53011	3.24878	0.164543  	19.9039
10 	24    	5.4775 	3.2133 	0.164543  	18.0833
11 	24    	5.37236	3.26419	0.164543  	18.0833
12 	24    	5.244  	3.35607	0.161663  	18.0833
13 	24    	5.07063	3.54094	0.161663  	18.0865
14 	24    	5.05751	3.53296	0.155119  	18.0833
15 	24    	5.02355	3.51351	0.155119  	18.083 
16 	24    	4.98992	3.49434	0.155119  	18.0831
17 	24    	4.90118	3.44289	0.153967  	18.0846
18 	24    	4.81154	3.38805	0.155119  	18.0846
19 	24    	4.81005	3.38739	0.162989  	18.0846
20 	24    	4.8038 	3.38244	0.162989  	18.0846
21 	24    	4.78785	3.36861	0.158963  	18.0841
22 	24    	4.76477	3.35049	0.158963  	18.0841
23 	24    	4.72208	3.31183	0.158963  	18.0829
24 	24    	4.6824 	3.27213	0.158963  	18.0832
25 	24    	4.66285	3.26804	0.159963  	18.0835
26 	24    	4.63019	3.2665 	0.158103  	18.0821
27 	24    	4.62286	3.26593	0.157526  	18.0783
28 	24    	4.60858	3.24602	0.153501  	18.0783
29 	24    	4.59258	3.19848	0.153501  	18.0783
30 	24    	4.56002	3.14636	0.153501  	18.082 
31 	24    	4.5255 	3.08593	0.153501  	18.0084
32 	24    	4.49041	2.96536	0.163211  	18.0084
33 	24    	4.46342	2.73829	0.158624  	18.0084
34 	24    	4.44446	2.36808	0.155408  	10.7987
35 	24    	4.42697	2.38491	0.153742  	10.8583
36 	24    	4.41092	2.40524	0.153742  	10.8583
37 	24    	4.38063	2.44964	0.154124  	10.8349
38 	24    	4.36285	2.44914	0.158245  	9.97117
39 	24    	4.35862	2.44878	0.161413  	9.97117
40 	24    	4.35126	2.44887	0.155892  	9.97033
41 	24    	4.34525	2.4503 	0.155892  	9.96902
42 	24    	4.33221	2.45306	0.154849  	9.96891
43 	24    	4.30597	2.44636	0.154849  	9.97005
44 	24    	4.2791 	2.4504 	0.153207  	9.97005
45 	24    	4.26422	2.42824	0.159334  	9.96953
46 	24    	4.26101	2.42464	0.159334  	9.96953
47 	24    	4.25053	2.41842	0.159334  	9.9699 
48 	24    	4.23146	2.39595	0.159334  	9.9699 
49 	24    	4.21132	2.39113	0.161362  	9.97567
50 	24    	4.1773 	2.37439	0.158737  	10.0321
51 	24    	4.13626	2.34078	0.158737  	9.96798
52 	24    	4.10193	2.29025	0.159168  	9.96897
53 	24    	4.08814	2.29402	0.159168  	9.97287
54 	24    	4.05996	2.2954 	0.159054  	9.96894
55 	24    	4.03933	2.30486	0.158295  	9.96924
56 	24    	4.03009	2.28217	0.156827  	9.96799
57 	24    	4.02629	2.24716	0.156249  	9.97105
58 	24    	3.99239	2.2047 	0.156249  	9.96803
59 	24    	3.95422	2.17569	0.153524  	9.97581
60 	24    	3.90429	2.14796	0.162771  	9.96833
61 	24    	3.88058	2.13302	0.160629  	9.96833
62 	24    	3.86413	2.09469	0.160629  	9.96527
63 	24    	3.83518	2.04379	0.15982   	9.96527
64 	24    	3.80322	1.98995	0.15982   	9.96527
65 	24    	3.76908	1.9959 	0.160674  	9.96527
66 	24    	3.74992	1.98323	0.157453  	9.96527
67 	24    	3.73544	2.05672	0.150159  	9.96699
68 	24    	3.70625	2.06873	0.157453  	9.96537
69 	24    	3.66497	1.99635	0.157453  	9.97016
70 	24    	3.60662	1.97651	0.154478  	9.96538
71 	24    	3.57849	1.93838	0.154478  	9.35096
72 	24    	3.57686	1.94823	0.156019  	9.36177
73 	24    	3.57189	1.95296	0.158674  	9.35852
74 	24    	3.56612	1.95477	0.161159  	9.35852
75 	24    	3.55932	1.94522	0.156524  	9.36325
76 	24    	3.54836	1.94044	0.151861  	9.35964
77 	24    	3.53291	1.98284	0.153904  	9.36319
78 	24    	3.52209	2.01167	0.156524  	9.36319
79 	24    	3.5205 	2.00759	0.156549  	9.36319
80 	24    	3.5191 	2.00006	0.156549  	9.39196
81 	24    	3.51726	1.99667	0.156549  	9.40424
82 	24    	3.51604	1.98694	0.159001  	9.36091
83 	24    	3.51326	1.97962	0.16246   	9.36091
84 	24    	3.50403	1.97704	0.162021  	9.37274
85 	24    	3.49094	2.01511	0.139281  	9.37274
86 	24    	3.47346	2.05449	0.139281  	9.35394
87 	24    	3.45394	2.05798	0.139281  	9.35394
88 	24    	3.43214	2.10048	0.139281  	9.35394
89 	24    	3.41391	2.16755	0.13343   	9.06971
90 	24    	3.39944	2.19101	0.13343   	9.06106
91 	24    	3.38381	2.14949	0.13102   	9.06106
92 	24    	3.3699 	2.19512	0.13102   	9.06106
93 	24    	3.36264	2.18098	0.135396  	9.06137
94 	24    	3.34847	2.17087	0.123246  	9.04479
95 	24    	3.33319	2.14998	0.132089  	9.04298
96 	24    	3.31522	2.16838	0.132089  	9.07734
97 	24    	3.30054	2.17107	0.12499   	9.03617
98 	24    	3.28502	2.1539 	0.12499   	9.04678
99 	24    	3.26429	2.1711 	0.12499   	9.04678
100	24    	3.25345	2.171  	0.12499   	9.00523
101	24    	3.24497	2.17245	0.123537  	8.54473
102	24    	3.22816	2.16879	0.12499   	8.54019
103	24    	3.20773	2.17735	0.12499   	8.54019
104	24    	3.18939	2.17736	0.126731  	8.53726
105	24    	3.1699 	2.17025	0.126731  	8.53726
106	24    	3.16571	2.17226	0.130434  	8.52806
107	24    	3.15754	2.17072	0.129862  	8.50853
108	24    	3.14536	2.18109	0.129862  	8.51188
109	24    	3.13521	2.1979 	0.135172  	8.51314
110	24    	3.13382	2.19612	0.135055  	8.50906
111	24    	3.13263	2.19314	0.13207   	8.50906
112	24    	3.12874	2.18818	0.13207   	8.50359
113	24    	3.12788	2.18489	0.13207   	8.50359
114	24    	3.12559	2.18149	0.13207   	8.52849
115	24    	3.1228 	2.17852	0.13207   	8.52849
116	24    	3.11963	2.18101	0.12489   	8.53853
117	24    	3.11733	2.17997	0.131958  	8.52849
118	24    	3.11113	2.18239	0.12878   	8.52849
119	24    	3.10586	2.18172	0.12878   	8.52849
120	24    	3.09462	2.17413	0.133187  	8.52849
--- 16264.715097665787 seconds ---
ran GA
