preds
RHEB
['IRS1', 'PTK2', 'BAD']
preds
TSC2
['MCL1', 'TSC1', 'BCL2']
preds
TSC1
['PIK3AP1', 'TSC2', 'GSK3B']
preds
PDPK1
['IRS1', 'CRTC2', 'RAC1']
preds
PTEN
['MDM2', 'BCL2', 'GSK3B']
preds
IRS1
['PDPK1', 'PTK2', 'RAC1']
preds
GSK3B
['PTEN', 'BCL2', 'CCND1']
preds
CDKN1B
['THEM4', 'NR4A1', 'FOXO3']
preds
FOXO3
['DDIT4', 'THEM4', 'NOS3']
preds
BAD
['CRTC2', 'GRB2', 'IRS1']
preds
MDM2
['PTEN', 'BCL2', 'THEM4']
preds
BCL2L1
['RAC1', 'CDC37', 'GRB2']
preds
GRB2
['CDC37', 'BCL2L1', 'PTK2']
preds
THEM4
['DDIT4', 'CDKN1B', 'FOXO3']
preds
CDC37
['BCL2L1', 'GRB2', 'PTK2']
preds
NOS3
['FOXO3', 'PTEN', 'TSC2']
preds
CRTC2
['RAC1', 'PTK2', 'PDPK1']
preds
CDKN1A
['THEM4', 'GSK3B', 'NR4A1']
preds
CASP9
['RAC1', 'PDPK1', 'BRCA1']
preds
RAF1
['RAC1', 'PTK2', 'CRTC2']
preds
CD19
['CDC37', 'GRB2', 'BCL2L1']
preds
PTK2
['IRS1', 'CRTC2', 'RAC1']
preds
RAC1
['BCL2L1', 'CRTC2', 'IRS1']
preds
BRCA1
['CRTC2', 'PTK2', 'CDC37']
preds
BCL2
['PTEN', 'MDM2', 'THEM4']
preds
MCL1
['TSC2', 'PTEN', 'THEM4']
preds
MYB
['PTEN', 'BCL2', 'CDKN1B']
preds
PIK3AP1
['TSC1', 'MYB', 'MDM2']
preds
NR4A1
['CDKN1B', 'THEM4', 'CDKN1A']
gen	nevals	avg    	std    	min      	max    
0  	24    	8.94181	5.54243	0.0303951	21.7352
1  	24    	7.9082 	5.27294	0.0303951	21.7352
2  	24    	7.28771	4.96111	0.0300371	21.7352
3  	24    	6.82808	4.72964	0.0300371	21.7352
4  	24    	6.64591	4.41788	0.0300371	21.7352
5  	24    	6.47476	4.2765 	0.0400066	21.7352
6  	24    	6.30266	4.22329	0.0725744	21.7352
7  	24    	6.10378	4.14086	0.0510477	21.7352
8  	24    	6.05825	4.02516	0.0510477	18.5913
9  	24    	6.00141	4.07436	0.0510477	18.5913
10 	24    	5.95522	4.06853	0.0510477	21.7352
11 	24    	5.87513	3.99826	0.0492648	21.7352
12 	24    	5.81039	3.97799	0.0492648	21.7352
13 	24    	5.74014	3.73999	0.0906536	18.5616
14 	24    	5.67573	3.7525 	0.0895333	18.5616
15 	24    	5.59684	3.60742	0.089082 	18.5616
16 	24    	5.53723	3.69008	0.089082 	20.9434
17 	24    	5.46166	3.49936	0.171367 	18.5616
18 	24    	5.38676	3.56307	0.171367 	18.5616
19 	24    	5.30332	3.45369	0.171367 	18.5616
20 	24    	5.25743	3.40692	0.170711 	18.5616
21 	24    	5.16678	3.49313	0.170711 	18.5616
22 	24    	5.08395	3.37043	0.172852 	18.5616
23 	24    	5.07501	3.36014	0.586717 	18.5616
24 	24    	5.06309	3.33985	0.587077 	18.5616
25 	24    	5.02419	3.27697	0.587133 	18.5616
26 	24    	4.99252	3.23707	0.587064 	18.5616
27 	24    	4.90554	3.14263	0.586802 	18.5616
28 	24    	4.85902	3.09523	0.587112 	18.5616
29 	24    	4.85002	3.09649	0.587301 	18.5616
30 	24    	4.82923	3.10771	0.587253 	18.5616
31 	24    	4.8089 	3.11756	0.586969 	18.5616
32 	24    	4.80414	3.1177 	0.586705 	18.5616
33 	24    	4.79765	3.11796	0.586705 	18.5616
34 	24    	4.78297	3.11676	0.586687 	18.5616
35 	24    	4.77989	3.11691	0.586687 	18.5616
36 	24    	4.77883	3.11744	0.587313 	18.5616
37 	24    	4.77309	3.11851	0.587177 	18.5616
38 	24    	4.76656	3.11804	0.587177 	18.5616
39 	24    	4.74798	3.1175 	0.587177 	18.5616
40 	24    	4.73096	3.11285	0.586723 	18.5616
41 	24    	4.72836	3.11226	0.586292 	18.5616
42 	24    	4.7276 	3.11283	0.586292 	18.5616
43 	24    	4.72738	3.11291	0.586292 	18.5616
44 	24    	4.72695	3.11329	0.586292 	18.5616
45 	24    	4.72645	3.11346	0.586578 	18.5616
46 	24    	4.72198	3.1146 	0.586578 	18.5616
47 	24    	4.7218 	3.11456	0.586578 	18.5616
48 	24    	4.71532	3.11443	0.586578 	18.5616
49 	24    	4.70454	3.11491	0.586578 	18.5616
50 	24    	4.68945	3.11654	0.586943 	18.5616
51 	24    	4.66436	3.11471	0.586943 	18.5616
52 	24    	4.6279 	3.12541	0.586943 	18.5616
53 	24    	4.61291	3.13323	0.587051 	18.5616
54 	24    	4.6079 	3.13042	0.587051 	18.5616
55 	24    	4.59717	3.12277	0.587145 	18.5616
56 	24    	4.57284	3.11415	0.587664 	18.5616
57 	24    	4.5652 	3.12859	0.830355 	18.5616
58 	24    	4.56047	3.1543 	0.830355 	18.5616
59 	24    	4.55306	3.19643	0.830355 	18.5616
60 	24    	4.5377 	3.28683	0.830355 	18.5616
61 	24    	4.53426	3.30261	0.83006  	18.5616
62 	24    	4.5335 	3.30276	0.830041 	18.5616
63 	24    	4.53161	3.29842	0.576577 	18.5616
64 	24    	4.52839	3.28959	0.576577 	18.5616
65 	24    	4.52519	3.28085	0.575284 	18.5616
66 	24    	4.52167	3.2718 	0.575284 	18.5616
67 	24    	4.51111	3.24547	0.574903 	18.5616
68 	24    	4.49941	3.214  	0.574903 	18.5616
69 	24    	4.49043	3.19556	0.574903 	18.5616
70 	24    	4.48846	3.19461	0.574903 	18.5616
71 	24    	4.48195	3.19449	0.573651 	18.5616
72 	24    	4.47719	3.19601	0.575028 	18.5616
73 	24    	4.47691	3.19628	0.574512 	18.5616
74 	24    	4.4653 	3.19789	0.574512 	18.5616
75 	24    	4.44603	3.20181	0.575028 	18.5616
76 	24    	4.40903	3.20932	0.572963 	18.5616
77 	24    	4.39084	3.21805	0.572963 	18.5616
78 	24    	4.39055	3.2183 	0.572963 	18.5616
79 	24    	4.39033	3.21849	0.572963 	18.5616
80 	24    	4.38982	3.21849	0.572963 	18.5616
81 	24    	4.38948	3.21844	0.572963 	18.5616
82 	24    	4.38941	3.21812	0.572963 	18.5616
83 	24    	4.3853 	3.21674	0.572963 	18.5616
84 	24    	4.3812 	3.21516	0.566128 	18.5616
85 	24    	4.37326	3.21208	0.566128 	18.5616
86 	24    	4.36026	3.20851	0.561078 	18.5616
87 	24    	4.33939	3.20071	0.559275 	18.5616
88 	24    	4.30837	3.18545	0.559275 	18.5616
89 	24    	4.29546	3.17678	0.559275 	18.5616
90 	24    	4.29453	3.17507	0.559275 	18.5616
91 	24    	4.29339	3.17525	0.559275 	18.5616
92 	24    	4.29285	3.17697	0.559275 	18.5616
93 	24    	4.2923 	3.1781 	0.573279 	18.5616
94 	24    	4.29174	3.17995	0.573279 	18.5616
95 	24    	4.29063	3.18478	0.573279 	18.5616
96 	24    	4.28879	3.19504	0.573279 	18.5616
97 	24    	4.2871 	3.20457	0.573279 	18.5616
98 	24    	4.2856 	3.214  	0.633776 	18.5616
99 	24    	4.2847 	3.21429	0.632599 	18.5616
100	24    	4.28431	3.21424	0.632293 	18.5616
101	24    	4.28404	3.21465	0.632293 	18.5616
102	24    	4.28384	3.2146 	0.631154 	18.5616
103	24    	4.28384	3.21459	0.631154 	18.5616
104	24    	4.28376	3.21454	0.631154 	18.5616
105	24    	4.28368	3.21472	0.631154 	18.5616
106	24    	4.28339	3.21513	0.632293 	18.5616
107	24    	4.28327	3.21525	0.632293 	18.5616
108	24    	4.28315	3.21524	0.631371 	18.5616
109	24    	4.28299	3.21531	0.631371 	18.5616
110	24    	4.28278	3.21626	0.232158 	18.5616
111	24    	4.28271	3.21611	0.232158 	18.5616
112	24    	4.28271	3.21611	0.232158 	18.5616
113	24    	4.28264	3.21607	0.232158 	18.5616
114	24    	4.28219	3.21673	0.232158 	18.5616
115	24    	4.28195	3.21676	0.232158 	18.5616
116	24    	4.2817 	3.21679	0.232158 	18.5616
117	24    	4.28076	3.21861	0.224624 	18.5616
118	24    	4.27953	3.22098	0.224624 	18.5616
119	24    	4.27731	3.22568	0.219976 	18.5616
120	24    	4.27526	3.23103	0.219976 	18.5616
--- 16014.936928987503 seconds ---
ran GA
