preds
ARNT
['EP300', 'TF', 'SLC2A1']
preds
EP300
['ARNT', 'TF', 'TFRC']
preds
HIF1A
['NOS3', 'BCL2', 'TLR4']
gen	nevals	avg    	std    	min        	max    
0  	24    	8.95388	5.76174	0.000933086	20.7718
1  	24    	7.33837	5.00324	0.000832822	20.7127
2  	24    	6.33931	4.37121	0.000666372	19.9039
3  	24    	5.99729	4.1682 	0.000666372	18.6369
4  	24    	5.678  	4.1398 	0.000500768	18.6369
5  	24    	5.39362	3.96874	0.000494329	17.3124
6  	24    	5.21772	4.25667	0.000494329	17.3124
7  	24    	5.05514	4.24327	0.000494329	17.3184
8  	24    	4.93162	4.27953	0.000500768	17.3045
9  	24    	4.89454	4.2046 	0.000499046	17.3105
10 	24    	4.85121	4.18004	0.000502152	17.3026
11 	24    	4.83398	4.18602	0.000502152	17.2996
12 	24    	4.81398	4.19777	0.000443446	17.2996
13 	24    	4.75612	4.22648	0.000443446	17.3253
14 	24    	4.69622	4.2138 	0.000388263	17.3065
15 	24    	4.65945	4.20074	0.000388263	17.3134
16 	24    	4.63894	4.20341	0.000388263	17.3134
17 	24    	4.53215	4.18867	0.000388263	17.3134
18 	24    	4.47358	4.1806 	0.000388263	17.3065
19 	24    	4.47261	4.17949	0.000388263	17.2927
20 	24    	4.47205	4.17883	0.000388263	17.2927
21 	24    	4.47168	4.17811	0.000388263	17.2927
22 	24    	4.4715 	4.17782	0.000388263	17.2927
23 	24    	4.47147	4.17775	0.000388263	17.2947
24 	24    	4.47139	4.17758	0.000388263	17.2947
25 	24    	4.47097	4.17722	0.000388263	17.2947
26 	24    	4.47079	4.17696	0.000388263	17.2858
27 	24    	4.47069	4.17687	0.000388263	17.2858
28 	24    	4.47059	4.17674	0.000388263	17.2858
29 	24    	4.47048	4.17659	0.000388263	17.2858
30 	24    	4.4703 	4.17638	0.000388263	17.2877
31 	24    	4.47022	4.17628	0.000388263	17.2877
32 	24    	4.47021	4.17626	0.000388263	17.2897
33 	24    	4.46767	4.17847	0.000388263	17.2897
34 	24    	4.46525	4.18111	0.000393896	17.3045
35 	24    	4.46518	4.18101	0.000393896	17.3045
36 	24    	4.46283	4.18352	0.000393896	17.3045
37 	24    	4.45786	4.18802	0.000393896	17.3045
38 	24    	4.44784	4.19676	0.000393896	17.3045
39 	24    	4.43347	4.21028	0.000393896	17.3164
40 	24    	4.41115	4.23044	0.000412336	17.3085
41 	24    	4.41002	4.22949	0.000412336	17.3046
42 	24    	4.40918	4.2283 	0.000412336	17.2966
43 	24    	4.40867	4.22778	0.000412336	17.2966
44 	24    	4.40841	4.22734	0.00037515 	17.2966
45 	24    	4.40823	4.22705	0.00037515 	17.2967
46 	24    	4.40806	4.22703	0.00037515 	17.2967
47 	24    	4.40787	4.2266 	0.00037515 	17.2967
48 	24    	4.40782	4.22651	0.00037515 	17.3007
49 	24    	4.40782	4.22651	0.00037515 	17.3007
50 	24    	4.40765	4.2262 	0.00037515 	17.2967
51 	24    	4.40765	4.2262 	0.00037515 	17.2967
52 	24    	4.40602	4.22505	0.00037515 	17.2967
53 	24    	4.40588	4.22505	0.00037515 	17.2967
54 	24    	4.40416	4.22392	0.00037515 	17.2967
55 	24    	4.39838	4.22048	0.00037515 	17.2897
56 	24    	4.38666	4.21344	0.00037515 	17.3016
57 	24    	4.36748	4.20174	0.000384975	17.3025
58 	24    	4.36559	4.20016	0.000384975	17.3105
59 	24    	4.36453	4.19919	0.000384975	17.3105
60 	24    	4.36375	4.19883	0.000384975	17.3105
61 	24    	4.36365	4.19859	0.000384975	17.3105
62 	24    	4.36348	4.19846	0.000384975	17.3105
63 	24    	4.36325	4.19808	0.000382127	17.3105
64 	24    	4.36287	4.19759	0.000382127	17.3105
65 	24    	4.36282	4.19757	0.000382127	17.3105
66 	24    	4.36231	4.19736	0.000382127	17.3105
67 	24    	4.36231	4.19736	0.000382127	17.3105
68 	24    	4.36142	4.19715	0.000382127	17.3105
69 	24    	4.36016	4.1968 	0.000382127	17.3105
70 	24    	4.35939	4.19673	0.000382127	17.3105
71 	24    	4.35585	4.19559	0.000382127	17.3105
72 	24    	4.35236	4.19493	0.00045277 	17.3135
73 	24    	4.34676	4.19372	0.000469003	17.3135
74 	24    	4.34557	4.19297	0.000469003	17.3135
75 	24    	4.34536	4.19261	0.000469003	17.2996
76 	24    	4.34484	4.19192	0.000449911	17.3025
77 	24    	4.344  	4.19126	0.000403342	17.3025
78 	24    	4.34382	4.19108	0.000403342	17.3025
79 	24    	4.34366	4.19116	0.000403342	17.3025
80 	24    	4.34358	4.19096	0.000403342	17.2907
81 	24    	4.34337	4.19056	0.000403342	17.2897
82 	24    	4.34327	4.18995	0.000403342	17.2907
83 	24    	4.34317	4.18979	0.000403342	17.2907
84 	24    	4.3431 	4.18955	0.000367175	17.2907
85 	24    	4.34308	4.18935	0.000367175	17.2907
86 	24    	4.34283	4.18906	0.000367175	17.2907
87 	24    	4.3428 	4.18908	0.000367175	17.2907
88 	24    	4.3428 	4.18908	0.000367175	17.2907
89 	24    	4.34272	4.18897	0.000367175	17.2907
90 	24    	4.34259	4.18882	0.000367175	17.2848
91 	24    	4.34235	4.18861	0.000367175	17.2848
92 	24    	4.34227	4.18873	0.000367175	17.2848
93 	24    	4.34225	4.18879	0.000367175	17.2867
94 	24    	4.34225	4.18879	0.000367175	17.2867
95 	24    	4.34225	4.18879	0.000367175	17.2867
96 	24    	4.34208	4.18876	0.000367175	17.2867
97 	24    	4.34208	4.18876	0.000367175	17.2867
98 	24    	4.34208	4.18875	0.000367175	17.2867
99 	24    	4.34204	4.1888 	0.000367175	17.2897
100	24    	4.34204	4.1888 	0.000367175	17.2897
101	24    	4.34204	4.1888 	0.000367175	17.2897
102	24    	4.34204	4.1888 	0.000367175	17.2897
103	24    	4.34204	4.1888 	0.000367175	17.2897
104	24    	4.34204	4.1888 	0.000367175	17.2897
105	24    	4.34203	4.18888	0.000367175	17.2946
106	24    	4.34203	4.18888	0.000367175	17.2946
107	24    	4.34203	4.18881	0.000367175	17.2946
108	24    	4.34203	4.18881	0.000367175	17.2946
109	24    	4.34174	4.18845	0.000407888	17.2946
110	24    	4.34174	4.18845	0.000407888	17.2946
111	24    	4.34173	4.1885 	0.000407888	17.2946
112	24    	4.34172	4.18841	0.000407888	17.2897
113	24    	4.34172	4.18823	0.000333594	17.2897
114	24    	4.34172	4.18823	0.000333594	17.2897
115	24    	4.34162	4.18838	0.000407888	17.2897
116	24    	4.34162	4.18838	0.000407888	17.2897
117	24    	4.34162	4.18838	0.000407888	17.2897
118	24    	4.34162	4.18838	0.000407888	17.2897
119	24    	4.34157	4.18837	0.000407888	17.2897
120	24    	4.34157	4.18837	0.000407888	17.2897
--- 5853.752417564392 seconds ---
ran GA
