slurmstepd: error: task/cgroup: unable to add task[pid=91236] to memory cg '(null)'
preds
WASF1
['ARHGEF6', 'NCKAP1', 'BCAR1']
preds
APC
['PTK2', 'RHOA', 'BAIAP2']
preds
ABI2
['SRC', 'NCKAP1', 'GNG12']
preds
NCKAP1
['ABI2', 'BCAR1', 'WASF1']
preds
BAIAP2
['PTK2', 'CDC42', 'RHOA']
preds
GIT1
['RHOA', 'CDC42', 'CRK']
preds
CDC42
['RHOA', 'PTK2', 'CRK']
preds
RHOA
['CDC42', 'SLC9A1', 'PTK2']
preds
ARHGEF6
['WASF1', 'ABI2', 'NCKAP1']
preds
GNG12
['ABI2', 'WASF1', 'GIT1']
preds
CRK
['RHOA', 'CDC42', 'PTK2']
preds
BCAR1
['NCKAP1', 'WASF1', 'PXN']
preds
PTK2
['RHOA', 'CDC42', 'CRK']
preds
FN1
['BAIAP2', 'GIT1', 'BCAR1']
gen	nevals	avg    	std    	min     	max    
0  	24    	8.12515	5.73333	0.194021	20.8918
1  	24    	6.47656	4.93152	0.101674	20.8918
2  	24    	5.96842	4.34897	0.185194	20.8918
3  	24    	5.55921	4.03559	0.191928	20.8918
4  	24    	5.37016	3.75088	0.19317 	20.8918
5  	24    	5.22099	3.75416	0.19317 	20.8918
6  	24    	5.07415	3.65079	0.19317 	20.8918
7  	24    	4.99649	3.5851 	0.19317 	20.8918
8  	24    	4.79372	3.05713	0.19317 	16.7906
9  	24    	4.61591	2.98867	0.190147	16.7906
10 	24    	4.54311	2.9664 	0.190147	16.7906
11 	24    	4.45361	2.95509	0.188693	14.6986
12 	24    	4.39561	2.94444	0.188693	14.6986
13 	24    	4.31913	2.95281	0.188693	14.6986
14 	24    	4.28588	2.97209	0.188693	14.6986
15 	24    	4.24256	2.99843	0.186723	14.6986
16 	24    	4.19733	2.98741	0.186944	14.6986
17 	24    	4.16412	3.00735	0.184027	14.6986
18 	24    	4.10519	3.06679	0.172782	14.6986
19 	24    	4.0203 	3.05119	0.172782	14.6986
20 	24    	3.99349	3.08023	0.181513	14.6986
21 	24    	3.93173	3.07125	0.183861	14.6986
22 	24    	3.82736	2.91688	0.181857	14.6986
23 	24    	3.74403	2.75862	0.181857	14.6986
24 	24    	3.66166	2.49412	0.182568	14.6986
25 	24    	3.58951	2.62027	0.177995	14.6986
26 	24    	3.5259 	2.7114 	0.176515	14.6986
27 	24    	3.37862	2.14047	0.177738	9.06066
28 	24    	3.28416	2.08636	0.181079	9.06066
29 	24    	3.28062	2.08319	0.181079	9.06066
30 	24    	3.27955	2.08266	0.181079	9.06035
31 	24    	3.27776	2.08281	0.181079	9.06035
32 	24    	3.27731	2.08321	0.18094 	9.06035
33 	24    	3.27684	2.08256	0.18094 	9.06035
34 	24    	3.27244	2.08457	0.179688	9.17993
35 	24    	3.26738	2.08896	0.179688	9.17993
36 	24    	3.25713	2.09742	0.179688	9.17993
37 	24    	3.24673	2.10414	0.179688	9.18649
38 	24    	3.2437 	2.0976 	0.179688	9.19351
39 	24    	3.24108	2.09077	0.18493 	9.19351
40 	24    	3.23601	2.08405	0.18493 	9.19351
41 	24    	3.23018	2.07385	0.174315	9.19351
42 	24    	3.21975	2.06055	0.180367	9.1948 
43 	24    	3.2007 	2.04045	0.17888 	9.1948 
44 	24    	3.17555	2.04107	0.17888 	9.1948 
45 	24    	3.15226	2.06266	0.183122	9.19595
46 	24    	3.13726	2.02687	0.181591	9.19595
47 	24    	3.13443	2.02556	0.181591	9.19765
48 	24    	3.13177	2.0249 	0.181591	9.19984
49 	24    	3.12941	2.0235 	0.178568	9.19984
50 	24    	3.12833	2.02604	0.178568	9.19984
51 	24    	3.12274	2.02164	0.178568	9.19984
52 	24    	3.11097	2.01552	0.178568	9.19984
53 	24    	3.0972 	2.01099	0.176991	9.19984
54 	24    	3.09518	2.00951	0.176991	9.19984
55 	24    	3.09429	2.00881	0.176991	9.19984
56 	24    	3.09403	2.00841	0.184567	9.19984
57 	24    	3.09216	2.00883	0.0703614	9.60484
58 	24    	3.09043	2.00973	0.0658343	9.61578
59 	24    	3.08902	2.01109	0.0658343	9.63381
60 	24    	3.08739	2.01499	0.0658343	9.63381
61 	24    	3.08127	2.02548	0.0657993	9.64147
62 	24    	3.0736 	2.0422 	0.0640243	9.64147
63 	24    	3.0687 	2.04636	0.0627737	9.64147
64 	24    	3.06751	2.04639	0.0627737	9.64147
65 	24    	3.067  	2.04691	0.0627737	9.64147
66 	24    	3.0662 	2.04675	0.0640243	9.6441 
67 	24    	3.06573	2.04661	0.0640243	9.64147
68 	24    	3.06563	2.04635	0.0640243	9.64147
69 	24    	3.06296	2.04892	0.0640243	9.64431
70 	24    	3.06059	2.05109	0.0647673	9.64431
71 	24    	3.06059	2.05109	0.0647673	9.64431
72 	24    	3.05847	2.05423	0.0654722	9.64431
73 	24    	3.05163	2.06246	0.0654722	9.64431
74 	24    	3.0492 	2.06516	0.0654722	9.64431
75 	24    	3.03999	2.07544	0.0654722	9.64431
76 	24    	3.02595	2.09086	0.0640497	9.64916
77 	24    	3.00876	2.10692	0.0640497	9.64916
78 	24    	3.00706	2.10398	0.0644718	9.65063
79 	24    	3.00625	2.10488	0.0650272	9.65066
80 	24    	3.00491	2.10156	0.0648818	9.66772
81 	24    	3.00409	2.09903	0.0648818	9.66772
82 	24    	3.0018 	2.09158	0.0648818	9.66772
83 	24    	2.99946	2.0871 	0.0648818	9.65066
84 	24    	2.99612	2.07274	0.0648818	9.65066
85 	24    	2.98972	2.0534 	0.0709133	9.61795
86 	24    	2.98579	2.05712	0.0677889	9.62461
87 	24    	2.98381	2.06015	0.0653786	9.62461
88 	24    	2.9779 	2.06303	0.0653786	9.62461
89 	24    	2.97236	2.07194	0.0653786	9.62778
90 	24    	2.96436	2.06106	0.147429 	9.33392
91 	24    	2.96368	2.06122	0.144998 	9.35407
92 	24    	2.9626 	2.06144	0.144998 	9.35407
93 	24    	2.96252	2.06152	0.144998 	9.35407
94 	24    	2.96224	2.06214	0.144998 	9.35407
95 	24    	2.96205	2.06218	0.144998 	9.35407
96 	24    	2.96167	2.06229	0.144998 	9.35407
97 	24    	2.96101	2.06161	0.144998 	9.35407
98 	24    	2.96027	2.06069	0.144998 	9.34052
99 	24    	2.95981	2.06074	0.146904 	9.34052
100	24    	2.95946	2.06117	0.146904 	9.34052
101	24    	2.95939	2.06122	0.146904 	9.34052
102	24    	2.95896	2.06157	0.144297 	9.34052
103	24    	2.95857	2.06184	0.144297 	9.34052
104	24    	2.95827	2.06212	0.144297 	9.35161
105	24    	2.95774	2.06364	0.144297 	9.35161
106	24    	2.95774	2.06364	0.144297 	9.35161
107	24    	2.95643	2.06491	0.109362 	9.35161
108	24    	2.95521	2.06687	0.109362 	9.33805
109	24    	2.95386	2.07025	0.109362 	9.33805
110	24    	2.95244	2.06906	0.109362 	9.33308
111	24    	2.95104	2.07066	0.109362 	9.35177
112	24    	2.94956	2.07111	0.109362 	9.3688 
113	24    	2.94956	2.07111	0.109362 	9.3688 
114	24    	2.94937	2.07113	0.109362 	9.3688 
115	24    	2.94907	2.07127	0.109362 	9.3688 
116	24    	2.94873	2.0707 	0.109362 	9.3688 
117	24    	2.94851	2.07034	0.109362 	9.3688 
118	24    	2.94654	2.06744	0.109362 	9.3688 
119	24    	2.94639	2.06748	0.109362 	9.3688 
120	24    	2.94639	2.06748	0.109362 	9.3688 
--- 13283.66024017334 seconds ---
ran GA
