preds
WASF1
['ARHGEF6', 'NCKAP1', 'ABI2']
preds
APC
['CDC42', 'RHOA', 'GIT1']
preds
ABI2
['NCKAP1', 'GNG12', 'WASF1']
preds
NCKAP1
['ABI2', 'GNG12', 'WASF1']
preds
BAIAP2
['PTK2', 'CDC42', 'RHOA']
preds
GIT1
['RHOA', 'CDC42', 'SLC9A1']
preds
CDC42
['RHOA', 'FN1', 'APC']
preds
RHOA
['CDC42', 'PTK2', 'ENAH']
preds
ARHGEF6
['WASF1', 'SRC', 'NCKAP1']
preds
GNG12
['ABI2', 'NCKAP1', 'WASF1']
preds
CRK
['RHOA', 'FN1', 'BAIAP2']
preds
BCAR1
['WASF1', 'BAIAP2', 'CDC42']
preds
PTK2
['RHOA', 'GIT1', 'BAIAP2']
preds
FN1
['CRK', 'RHOA', 'CDC42']
gen	nevals	avg  	std    	min     	max    
0  	24    	8.058	5.51904	0.130938	20.8918
1  	24    	6.64765	4.69988	0.130938	20.8918
2  	24    	5.84222	4.16415	0.130938	20.8918
3  	24    	5.56669	3.85384	0.127231	20.8918
4  	24    	5.29719	3.71335	0.0425289	18.1874
5  	24    	5.04819	3.39936	0.125145 	18.1874
6  	24    	4.91405	3.18864	0.122501 	18.1941
7  	24    	4.75126	2.9646 	0.122501 	18.1429
8  	24    	4.61191	2.5891 	0.11931  	12.5291
9  	24    	4.5136 	2.48528	0.11931  	11.9852
10 	24    	4.45127	2.39815	0.116025 	11.7817
11 	24    	4.41697	2.29161	0.116025 	11.7902
12 	24    	4.38001	2.25445	0.116025 	11.7799
13 	24    	4.34312	2.24379	0.116025 	11.7799
14 	24    	4.31571	2.25916	0.110494 	10.4641
15 	24    	4.28367	2.1766 	0.110494 	10.4641
16 	24    	4.24635	2.01654	0.114676 	10.462 
17 	24    	4.20438	1.93091	0.211212 	9.75534
18 	24    	4.16314	1.80737	0.211212 	9.7174 
19 	24    	4.13244	1.81793	0.210217 	8.47465
20 	24    	4.13124	1.82784	0.211822 	8.4411 
21 	24    	4.13054	1.82991	0.211245 	8.43894
22 	24    	4.12941	1.83106	0.211235 	8.43894
23 	24    	4.12909	1.83554	0.211235 	8.42246
24 	24    	4.11822	1.84874	0.211235 	9.52464
25 	24    	4.09958	1.86944	0.0298985	10.2134
26 	24    	4.0784 	1.89978	0.0298985	10.2134
27 	24    	4.01266	1.95886	0.0298985	10.2134
28 	24    	3.96149	2.0525 	0.210996 	9.56746
29 	24    	3.95968	2.05059	0.210909 	9.53709
30 	24    	3.9437 	2.05844	0.00950448	10.0706
31 	24    	3.92602	2.03298	0.00950448	10.1048
32 	24    	3.87249	1.99652	0.00922069	10.1111
33 	24    	3.79746	2.09136	0.00789462	10.0494
34 	24    	3.78659	2.0816 	0.00789462	10.0863
35 	24    	3.78539	2.08677	0.00789462	10.0863
36 	24    	3.78497	2.10752	0.00789462	10.1069
37 	24    	3.77977	2.09726	0.00789462	10.1069
38 	24    	3.77925	2.13884	0.00734737	10.1097
39 	24    	3.76468	2.09841	0.00789462	10.1097
40 	24    	3.75089	2.05662	0.00789462	10.1097
41 	24    	3.72675	1.92662	0.00789462	10.1097
42 	24    	3.67973	1.67209	0.210817  	7.49082
43 	24    	3.67446	1.65054	0.211172  	6.66442
44 	24    	3.67111	1.66659	0.211482  	6.67885
45 	24    	3.6693 	1.69888	0.211482  	6.67885
46 	24    	3.66671	1.75535	0.211482  	6.67885
47 	24    	3.66333	1.82357	0.210807  	7.54353
48 	24    	3.66204	1.82519	0.210296  	7.54353
49 	24    	3.66138	1.82559	0.209893  	7.54353
50 	24    	3.66016	1.83352	0.209893  	7.54412
51 	24    	3.65613	1.86662	0.209893  	7.54427
52 	24    	3.65261	1.90003	0.209893  	7.56283
53 	24    	3.65027	1.91595	0.210796  	7.56283
54 	24    	3.64926	1.91694	0.210796  	7.56283
55 	24    	3.64883	1.91791	0.210796  	7.56631
56 	24    	3.64825	1.91816	0.210796  	7.56631
57 	24    	3.6439 	1.91618	0.210806  	7.56631
58 	24    	3.64379	1.92795	0.210806  	9.01723
59 	24    	3.63534	1.92375	0.210628  	9.01723
60 	24    	3.62259	1.91784	0.209588  	9.01723
61 	24    	3.58899	1.89266	0.210628  	7.56211
62 	24    	3.54856	1.87198	0.210673  	7.56211
63 	24    	3.54724	1.87142	0.211344  	7.56211
64 	24    	3.54665	1.87072	0.211552  	7.56211
65 	24    	3.54602	1.87028	0.211552  	7.56211
66 	24    	3.54599	1.8701 	0.211552  	7.56211
67 	24    	3.5459 	1.87022	0.211552  	7.56211
68 	24    	3.54564	1.87024	0.211552  	7.56211
69 	24    	3.54546	1.87006	0.210516  	7.57288
70 	24    	3.54536	1.87017	0.210516  	7.57288
71 	24    	3.5453 	1.86998	0.210516  	7.57288
72 	24    	3.54526	1.86987	0.210516  	7.57288
73 	24    	3.54517	1.86982	0.210516  	7.57288
74 	24    	3.5443 	1.86432	0.210516  	7.57288
75 	24    	3.5431 	1.85823	0.210516  	7.57288
76 	24    	3.54102	1.85166	0.210516  	7.57288
77 	24    	3.53769	1.83405	0.210516  	7.57288
78 	24    	3.53027	1.80225	0.211635  	7.55511
79 	24    	3.52276	1.77122	0.211509  	7.55641
80 	24    	3.5197 	1.79386	0.210043  	7.56169
81 	24    	3.51779	1.82622	0.210043  	7.53684
82 	24    	3.51632	1.80284	0.210043  	7.31919
83 	24    	3.51371	1.75229	0.210043  	7.31919
84 	24    	3.51173	1.71804	0.210968  	7.31919
85 	24    	3.50946	1.71179	0.210862  	7.31713
86 	24    	3.50672	1.71215	0.210862  	7.31713
87 	24    	3.50434	1.71288	0.210862  	7.31713
88 	24    	3.49919	1.71487	0.210862  	7.31102
89 	24    	3.49179	1.72904	0.210319  	8.78453
90 	24    	3.4889 	1.75369	0.210319  	8.89245
91 	24    	3.48469	1.77566	0.210319  	8.89245
92 	24    	3.48198	1.81084	0.210319  	8.89245
93 	24    	3.47735	1.87821	0.210319  	8.89245
94 	24    	3.46935	1.94253	0.210319  	8.89245
95 	24    	3.4635 	1.92541	0.210319  	8.89245
96 	24    	3.45996	1.91172	0.210319  	8.87665
97 	24    	3.44781	1.84334	0.210319  	8.87665
98 	24    	3.43156	1.81945	0.211413  	8.87665
99 	24    	3.42531	1.89849	0.211413  	8.87665
100	24    	3.42083	1.9513 	0.210825  	8.84656
101	24    	3.4203 	1.95031	0.209864  	8.87184
102	24    	3.41987	1.95039	0.209864  	8.87184
103	24    	3.41959	1.94966	0.210825  	8.87184
104	24    	3.41952	1.94913	0.210825  	8.87184
105	24    	3.41934	1.94957	0.210825  	8.87184
106	24    	3.41926	1.95028	0.210825  	8.87184
107	24    	3.41926	1.94989	0.210825  	8.87184
108	24    	3.41923	1.95079	0.210825  	8.87184
109	24    	3.41921	1.95088	0.210825  	8.87184
110	24    	3.41908	1.95005	0.210825  	8.8686 
111	24    	3.41898	1.95007	0.210825  	8.8686 
112	24    	3.41894	1.94973	0.210825  	8.8686 
113	24    	3.41749	1.95144	0.210825  	8.88496
114	24    	3.41486	1.95384	0.210825  	8.88496
115	24    	3.41217	1.95741	0.210825  	8.92865
116	24    	3.41082	1.95905	0.210825  	8.92865
117	24    	3.41082	1.95905	0.210825  	8.92865
118	24    	3.4057 	1.96065	0.210825  	8.92865
119	24    	3.3993 	1.96372	0.210825  	8.92865
120	24    	3.38191	1.97308	0.211577  	8.92987
--- 8431.544296264648 seconds ---
ran GA
