slurmstepd: error: task/cgroup: unable to add task[pid=36234] to memory cg '(null)'
preds
RHEB
['CRTC2', 'PDPK1', 'TSC1']
preds
TSC2
['TSC1', 'PIK3AP1', 'FOXO3']
preds
TSC1
['PIK3AP1', 'TSC2', 'PTEN']
preds
PDPK1
['IRS1', 'STK11', 'CRTC2']
preds
PTEN
['NOS3', 'NR4A1', 'BCL2L11']
preds
IRS1
['PDPK1', 'PTK2', 'RAC1']
preds
GSK3B
['MYB', 'CDKN1B', 'FOXO3']
preds
CDKN1B
['THEM4', 'FOXO3', 'CDKN1A']
preds
FOXO3
['THEM4', 'CDKN1B', 'G6PC']
preds
BAD
['CRTC2', 'RAC1', 'GRB2']
preds
MDM2
['BCL2', 'CDKN1B', 'NR4A1']
preds
BCL2L1
['RAC1', 'CDC37', 'CASP9']
preds
GRB2
['CDC37', 'BCL2L1', 'CASP9']
preds
THEM4
['CDKN1B', 'FOXO3', 'NR4A1']
preds
CDC37
['CASP9', 'BCL2L1', 'GRB2']
preds
NOS3
['BCL2', 'PTEN', 'TSC1']
preds
CRTC2
['PTK2', 'PDPK1', 'RHEB']
preds
CDKN1A
['CDKN1B', 'THEM4', 'MDM2']
preds
CASP9
['CDC37', 'BCL2L1', 'GRB2']
preds
RAF1
['BRCA1', 'RAC1', 'EIF4EBP1']
preds
CD19
['GRB2', 'IRS1', 'CASP9']
preds
PTK2
['IRS1', 'CRTC2', 'RAC1']
preds
RAC1
['EIF4E', 'BCL2L1', 'IRS1']
preds
BRCA1
['RAC1', 'CRTC2', 'PTK2']
preds
BCL2
['MDM2', 'NOS3', 'THEM4']
preds
MCL1
['PTEN', 'THEM4', 'MDM2']
preds
MYB
['GSK3B', 'NR4A1', 'CD19']
preds
PIK3AP1
['TSC1', 'TSC2', 'PTEN']
preds
NR4A1
['THEM4', 'MYB', 'BCL2']
gen	nevals	avg    	std    	min      	max    
0  	24    	9.31441	5.58234	0.0692524	21.7352
1  	24    	8.50932	5.29626	0.0714313	23.3176
2  	24    	7.73274	5.00356	0.145641 	21.7352
3  	24    	7.33101	4.76436	0.0824192	21.7352
4  	24    	7.11879	4.61958	0.0824192	21.7352
5  	24    	6.97047	4.57842	0.177906 	21.7352
6  	24    	6.75476	4.4015 	0.0848019	21.7352
7  	24    	6.62102	4.25399	0.0848019	21.7352
8  	24    	6.51638	4.18024	0.0848019	21.7352
9  	24    	6.42914	4.27635	0.0848019	21.7352
10 	24    	6.33464	4.00542	0.0848019	21.7352
11 	24    	6.20961	3.9587 	0.075406 	21.7352
12 	24    	6.14763	3.90215	0.075406 	21.7352
13 	24    	6.09575	3.92319	0.075406 	21.7352
14 	24    	6.06707	3.92506	0.0726703	21.7352
15 	24    	5.92368	3.77875	0.0726703	21.7352
16 	24    	5.79299	3.61947	0.0726703	21.7352
17 	24    	5.61878	3.44804	0.161347 	21.7352
18 	24    	5.47145	3.10248	0.161347 	21.7352
19 	24    	5.34469	2.9637 	0.158358 	21.7352
20 	24    	5.21776	3.03618	0.156621 	21.7352
21 	24    	5.16671	3.11229	0.156621 	21.7352
22 	24    	5.13667	2.90576	0.155972 	21.7352
23 	24    	5.1108 	2.81581	0.156621 	21.7352
24 	24    	5.10514	2.78858	0.146157 	21.7352
25 	24    	5.09109	2.76358	0.146157 	21.7352
26 	24    	5.0777 	2.73728	0.146157 	21.7352
27 	24    	5.02252	2.50745	0.146157 	14.6586
28 	24    	4.99985	2.5914 	0.148395 	14.6586
29 	24    	4.98458	2.57004	0.146274 	14.6973
30 	24    	4.95177	2.65956	0.148395 	14.6854
31 	24    	4.94651	2.65353	0.152665 	14.6524
32 	24    	4.92282	2.81374	0.152665 	14.721 
33 	24    	4.91085	2.75674	0.153488 	15.0894
34 	24    	4.86139	2.73564	0.151229 	18.3163
35 	24    	4.82461	2.69542	0.146728 	18.3163
36 	24    	4.7905 	2.82751	0.146728 	18.3163
37 	24    	4.75878	2.82289	0.146728 	18.3163
38 	24    	4.70778	2.75766	0.145701 	14.729 
39 	24    	4.66842	2.73818	0.145701 	14.729 
40 	24    	4.61801	2.63691	0.145502 	14.729 
41 	24    	4.57631	2.65003	0.151308 	18.0208
42 	24    	4.51254	2.70502	0.145798 	14.7108
43 	24    	4.49006	2.73569	0.145798 	14.7108
44 	24    	4.45335	2.55888	0.145798 	14.7108
45 	24    	4.43169	2.6236 	0.150627 	14.6997
46 	24    	4.41365	2.63949	0.147153 	14.7205
47 	24    	4.3681 	2.61975	0.145116 	14.7205
48 	24    	4.32863	2.53422	0.147814 	15.1089
49 	24    	4.26998	2.38565	0.147814 	14.7391
50 	24    	4.19414	2.22315	0.147814 	14.6836
51 	24    	4.13279	2.10184	0.147814 	11.9576
52 	24    	4.11995	2.09837	0.102067 	11.9576
53 	24    	4.1007 	2.10804	0.102067 	11.9576
54 	24    	4.06289	2.09957	0.100763 	11.9576
55 	24    	4.04641	2.09287	0.100337 	9.6257 
56 	24    	4.03466	2.08264	0.100337 	9.6334 
57 	24    	4.00764	2.07767	0.100349 	9.6334 
58 	24    	3.98578	2.08435	0.0998085	9.62407
59 	24    	3.97206	2.09619	0.098567 	12.299 
60 	24    	3.96184	2.07971	0.098292 	12.299 
61 	24    	3.92802	2.04642	0.098292 	12.3222
62 	24    	3.89942	2.03514	0.098567 	12.3222
63 	24    	3.89012	2.04966	0.098567 	12.3222
64 	24    	3.87924	2.09114	0.0992361	12.3455
65 	24    	3.86758	2.13625	0.0986672	12.3501
66 	24    	3.85152	2.21797	0.0993086	12.3455
67 	24    	3.84075	2.19702	0.0992016	12.3455
68 	24    	3.82598	2.18344	0.098568 	12.3455
69 	24    	3.81209	2.15121	0.0979863	12.3455
70 	24    	3.79327	2.11057	0.0979863	12.3179
71 	24    	3.74485	2.03313	0.0989598	12.3435
72 	24    	3.69866	1.98294	0.0978977	12.3461
73 	24    	3.68512	1.93497	0.0986646	12.3216
74 	24    	3.66445	1.83811	0.0991214	12.3196
75 	24    	3.66103	1.8156 	0.0991214	9.73074
76 	24    	3.65857	1.81625	0.0991214	9.73106
77 	24    	3.65553	1.81717	0.0994864	9.73106
78 	24    	3.65256	1.81878	0.0994864	9.73106
79 	24    	3.64294	1.82161	0.0976542	9.73203
80 	24    	3.63768	1.82331	0.0976542	9.73262
81 	24    	3.63508	1.82392	0.0976542	9.73301
82 	24    	3.63453	1.82373	0.0976542	9.73262
83 	24    	3.63242	1.82339	0.0976542	9.73262
84 	24    	3.62811	1.82357	0.0762728	9.7368 
85 	24    	3.62261	1.82327	0.0762728	9.7368 
86 	24    	3.61624	1.82152	0.0983881	9.7368 
87 	24    	3.60557	1.82448	0.0996385	9.7368 
88 	24    	3.60235	1.82719	0.099362 	9.98623
89 	24    	3.59798	1.83134	0.0978236	9.98623
90 	24    	3.59564	1.83819	0.0993468	9.99255
91 	24    	3.58954	1.84843	0.0994537	9.99606
92 	24    	3.58547	1.8549 	0.0974332	9.99606
93 	24    	3.57488	1.86247	0.0974332	9.99348
94 	24    	3.56933	1.86935	0.0994157	9.99348
95 	24    	3.55752	1.88036	0.0999117	9.99348
96 	24    	3.54463	1.90071	0.0999376	9.99348
97 	24    	3.53292	1.91534	0.0991667	9.99139
98 	24    	3.52636	1.92065	0.0991667	9.99139
99 	24    	3.51678	1.92052	0.0990949	9.99139
100	24    	3.51576	1.92358	0.0987806	9.99139
101	24    	3.51256	1.92267	0.0991667	9.99139
102	24    	3.50788	1.92365	0.0991667	9.99139
103	24    	3.50283	1.92196	0.0744292	9.99183
104	24    	3.49622	1.90766	0.0744292	9.99296
105	24    	3.4847 	1.89512	0.0742058	9.99218
106	24    	3.4605 	1.86047	0.0744292	8.85285
107	24    	3.45711	1.85909	0.0744292	8.85285
108	24    	3.45423	1.85396	0.074245 	8.85285
109	24    	3.45198	1.85759	0.074245 	8.85285
110	24    	3.44942	1.86526	0.074245 	8.85274
111	24    	3.44616	1.87787	0.074245 	8.85549
112	24    	3.44443	1.87225	0.0748338	8.86015
113	24    	3.44289	1.87648	0.0748338	8.85549
114	24    	3.43797	1.88429	0.0748338	8.85549
115	24    	3.43229	1.88693	0.0748797	8.85549
116	24    	3.42783	1.88326	0.0986056	8.84902
117	24    	3.42062	1.87198	0.0988042	8.84902
118	24    	3.41341	1.86464	0.097232 	8.84902
119	24    	3.40876	1.8567 	0.097232 	8.84902
120	24    	3.40816	1.85653	0.097232 	8.8512 
--- 20142.02827167511 seconds ---
ran GA
