preds
F11R
['CXCR4', 'CDC42', 'ICAM1']
preds
ITGAL
['RASSF5', 'JAM3', 'PTK2B']
preds
RHOA
['RAC1', 'RAC2', 'CXCR4']
preds
JAM3
['PTK2B', 'ITGAL', 'CXCR4']
preds
RAC1
['RHOA', 'CDC42', 'RAC2']
preds
RAC2
['RHOA', 'RAC1', 'ITGB1']
preds
RASSF5
['PTK2B', 'ITGAL', 'RAC2']
preds
PTK2B
['CTNNB1', 'JAM3', 'RASSF5']
preds
CXCR4
['F11R', 'CDC42', 'RHOA']
preds
ICAM1
['F11R', 'RAC1', 'RAC2']
preds
CDC42
['RAC1', 'PTK2', 'F11R']
gen	nevals	avg    	std    	min        	max    
0  	24    	7.19345	4.79984	0.000121169	20.1086
1  	24    	5.84291	3.83629	0.000133563	19.971 
2  	24    	5.49165	3.51189	8.39672e-05	19.1078
3  	24    	5.30477	3.37726	8.16074e-05	19.1078
4  	24    	5.17944	3.35597	7.94162e-05	19.1078
5  	24    	4.98435	3.26122	7.94162e-05	19.1078
6  	24    	4.78507	2.99766	7.56097e-05	19.1078
7  	24    	4.63122	2.81933	7.56097e-05	14.4197
8  	24    	4.52252	2.66772	0.000111514	13.3828
9  	24    	4.38907	2.42009	0.000111514	13.3223
10 	24    	4.28727	2.34165	0.000139306	10.556 
11 	24    	4.24411	2.23028	8.76197e-05	10.556 
12 	24    	4.15392	2.25585	0.00014846 	10.5623
13 	24    	4.0922 	2.22976	4.0323e-05 	10.5049
14 	24    	4.01557	2.16669	0.000149317	10.5049
15 	24    	3.9554 	2.16992	0.000154186	10.5049
16 	24    	3.90419	2.21099	0.000153871	10.5074
17 	24    	3.88895	2.20928	4.9545e-05 	10.5074
18 	24    	3.87492	2.25266	7.35024e-05	10.5103
19 	24    	3.85512	2.2485 	9.89049e-05	10.5082
20 	24    	3.8469 	2.22929	5.67121e-05	10.5082
21 	24    	3.8308 	2.19036	5.67121e-05	10.5082
22 	24    	3.80674	2.13036	5.67121e-05	10.5082
23 	24    	3.76295	2.03389	3.83831e-05	8.83313
24 	24    	3.75806	2.03178	8.34297e-05	8.83313
25 	24    	3.73612	2.02193	4.46817e-05	8.84085
26 	24    	3.71596	2.01362	4.46817e-05	8.84085
27 	24    	3.66404	1.97999	4.46817e-05	8.84365
28 	24    	3.62435	1.92326	6.72135e-05	8.83486
29 	24    	3.61098	1.90069	6.72135e-05	8.83494
30 	24    	3.59116	1.86617	6.72135e-05	8.83494
31 	24    	3.52077	1.73133	6.72135e-05	8.82732
32 	24    	3.49856	1.69364	6.72135e-05	5.95884
33 	24    	3.49811	1.69355	6.72135e-05	5.95139
34 	24    	3.4979 	1.69015	9.7035e-05 	5.95139
35 	24    	3.49771	1.68343	9.7035e-05 	5.95139
36 	24    	3.49739	1.66989	6.24896e-05	5.95139
37 	24    	3.49701	1.65282	6.24896e-05	5.95047
38 	24    	3.49638	1.62162	6.24896e-05	5.94682
39 	24    	3.49594	1.61088	6.24896e-05	5.91084
40 	24    	3.49569	1.61072	7.83434e-05	5.91073
41 	24    	3.49462	1.61438	7.83434e-05	5.91073
42 	24    	3.49365	1.61814	7.83434e-05	5.91289
43 	24    	3.49073	1.62939	7.83434e-05	5.91299
44 	24    	3.48699	1.64435	9.78385e-05	5.91432
45 	24    	3.48324	1.65914	9.78385e-05	5.91432
46 	24    	3.47399	1.69572	0.000105891	5.91432
47 	24    	3.47264	1.69903	7.84713e-05	5.91299
48 	24    	3.47233	1.6988 	0.000105695	5.91242
49 	24    	3.472  	1.69873	4.3158e-05 	5.92144
50 	24    	3.47198	1.69872	4.3158e-05 	5.92144
51 	24    	3.47189	1.69874	4.3158e-05 	5.92144
52 	24    	3.4718 	1.69859	4.3158e-05 	5.91549
53 	24    	3.47176	1.6986 	4.3158e-05 	5.91549
54 	24    	3.47175	1.69858	4.3158e-05 	5.91549
55 	24    	3.47172	1.69857	4.3158e-05 	5.91549
56 	24    	3.47172	1.6986 	4.3158e-05 	5.91549
57 	24    	3.47165	1.69854	4.3158e-05 	5.91549
58 	24    	3.4716 	1.69852	4.3158e-05 	5.91455
59 	24    	3.47159	1.69851	4.21421e-05	5.91455
60 	24    	3.47155	1.69849	4.21421e-05	5.91455
61 	24    	3.47155	1.69852	4.21421e-05	5.91455
62 	24    	3.47155	1.69852	4.21421e-05	5.91455
63 	24    	3.47155	1.69853	4.21421e-05	5.91455
64 	24    	3.47155	1.69849	4.21421e-05	5.91455
65 	24    	3.47152	1.69843	4.21421e-05	5.91395
66 	24    	3.47149	1.69843	4.21421e-05	5.91395
67 	24    	3.47149	1.69844	4.21421e-05	5.91395
68 	24    	3.47149	1.69843	4.21421e-05	5.91395
69 	24    	3.47148	1.69841	4.21421e-05	5.91395
70 	24    	3.47147	1.6984 	4.21421e-05	5.91395
71 	24    	3.47145	1.69839	4.21421e-05	5.91395
72 	24    	3.47145	1.69839	4.21421e-05	5.91395
73 	24    	3.47144	1.69839	4.21421e-05	5.91395
74 	24    	3.47143	1.69839	4.21421e-05	5.91395
75 	24    	3.47139	1.69835	4.21421e-05	5.91395
76 	24    	3.47138	1.69835	4.21421e-05	5.91395
77 	24    	3.47138	1.69835	4.21421e-05	5.91395
78 	24    	3.47138	1.69835	4.21421e-05	5.91395
79 	24    	3.47138	1.69835	4.21421e-05	5.91395
80 	24    	3.4713 	1.69829	4.21421e-05	5.91352
81 	24    	3.47121	1.69827	4.21421e-05	5.91352
82 	24    	3.47111	1.69819	4.3158e-05 	5.91352
83 	24    	3.47103	1.69807	4.3158e-05 	5.91352
84 	24    	3.47102	1.69805	4.3158e-05 	5.91352
85 	24    	3.47092	1.69789	4.3158e-05 	5.91032
86 	24    	3.47086	1.69782	4.3158e-05 	5.91032
87 	24    	3.47078	1.69776	4.3158e-05 	5.91032
88 	24    	3.47065	1.69762	4.3158e-05 	5.91032
89 	24    	3.47051	1.69761	0.000120507	5.91032
90 	24    	3.46785	1.69672	0.000120507	5.90391
91 	24    	3.46266	1.69512	7.32555e-05	5.90833
92 	24    	3.46017	1.69446	7.32555e-05	5.90861
93 	24    	3.45759	1.69361	7.32555e-05	5.90861
94 	24    	3.44511	1.68975	7.32555e-05	5.90861
95 	24    	3.43017	1.68509	7.32555e-05	5.90861
96 	24    	3.40972	1.67784	9.71662e-05	5.90833
97 	24    	3.40925	1.67754	9.71662e-05	5.90833
98 	24    	3.409  	1.67745	9.71662e-05	5.90833
99 	24    	3.40887	1.67736	9.4997e-05 	5.90833
100	24    	3.40883	1.67734	9.4997e-05 	5.90833
101	24    	3.40876	1.67731	9.4997e-05 	5.90833
102	24    	3.40862	1.67724	9.4997e-05 	5.90596
103	24    	3.4086 	1.67724	7.50308e-05	5.90596
104	24    	3.40855	1.67721	7.50308e-05	5.90596
105	24    	3.40635	1.68038	7.50308e-05	5.90596
106	24    	3.40625	1.68032	7.50308e-05	5.90596
107	24    	3.40409	1.68356	7.50308e-05	5.91034
108	24    	3.39978	1.68991	7.50308e-05	5.91034
109	24    	3.39351	1.70069	0.000112278	6.46968
110	24    	3.38736	1.71138	0.000112233	6.47015
111	24    	3.38315	1.71764	0.000112233	6.47015
112	24    	3.37055	1.73608	0.000112233	6.47015
113	24    	3.35743	1.75162	5.05299e-05	5.90674
114	24    	3.35505	1.7496 	5.05299e-05	5.9065 
115	24    	3.3549 	1.74966	0.000112278	5.9096 
116	24    	3.35472	1.74953	7.45133e-05	5.9065 
117	24    	3.35461	1.74962	7.45133e-05	5.9065 
118	24    	3.35274	1.74782	7.45133e-05	5.9065 
119	24    	3.35273	1.74787	7.45133e-05	5.9065 
120	24    	3.35262	1.74782	7.45133e-05	5.9065 
--- 7407.460089921951 seconds ---
ran GA
