preds
RHEB
['RAF1', 'CD19', 'TSC1']
preds
TSC2
['TSC1', 'THEM4', 'NOS3']
preds
TSC1
['MCL1', 'TSC2', 'PTEN']
preds
PDPK1
['IRS1', 'STK11', 'CRTC2']
preds
PTEN
['MDM2', 'BCL2', 'GSK3B']
preds
IRS1
['PDPK1', 'PTK2', 'CRTC2']
preds
GSK3B
['MDM2', 'PTEN', 'NOS3']
preds
CDKN1B
['BCL2', 'PTEN', 'MDM2']
preds
FOXO3
['THEM4', 'NR4A1', 'BCL2']
preds
BAD
['PDPK1', 'RAC1', 'IRS1']
preds
MDM2
['PTEN', 'GSK3B', 'CDKN1B']
preds
BCL2L1
['PTK2', 'CDC37', 'GRB2']
preds
GRB2
['CDC37', 'BCL2L1', 'CASP9']
preds
THEM4
['FOXO3', 'NOS3', 'BCL2']
preds
CDC37
['CASP9', 'EIF4E', 'BCL2L1']
preds
NOS3
['GSK3B', 'THEM4', 'PTEN']
preds
CRTC2
['IRS1', 'RAC1', 'PDPK1']
preds
CDKN1A
['BCL2', 'THEM4', 'PTEN']
preds
CASP9
['CDC37', 'GRB2', 'PTK2']
preds
RAF1
['RAC1', 'RHEB', 'CRTC2']
preds
CD19
['GRB2', 'BCL2L1', 'IRS1']
preds
PTK2
['IRS1', 'BCL2L1', 'RAC1']
preds
RAC1
['CRTC2', 'IRS1', 'PDPK1']
preds
BRCA1
['PTK2', 'GRB2', 'PDPK1']
preds
BCL2
['PTEN', 'CDKN1B', 'THEM4']
preds
MCL1
['TSC1', 'TP53', 'CDKN1A']
preds
MYB
['FOXO3', 'PIK3AP1', 'CDKN1A']
preds
PIK3AP1
['MYB', 'GSK3B', 'PTEN']
preds
NR4A1
['FOXO3', 'GSK3B', 'BCL2']
gen	nevals	avg    	std    	min        	max    
0  	24    	9.96662	5.90499	0.000180685	25.9173
1  	24    	9.32939	5.78078	0.00348646 	22.594 
2  	24    	8.77396	5.65195	0.00348646 	26.7384
3  	24    	8.39534	5.78524	0.00328611 	26.7384
4  	24    	8.00586	5.89765	0.00328611 	26.7384
5  	24    	7.50977	5.71871	0.00413194 	26.7286
6  	24    	7.22704	5.78813	0.00413194 	24.0628
7  	24    	6.99224	5.60335	0.00467063 	24.0603
8  	24    	6.74121	5.74597	0.000640873	26.2582
9  	24    	6.58682	5.74688	0.000640873	26.2582
10 	24    	6.53591	5.76337	0.000640873	26.2582
11 	24    	6.50707	5.63061	0.0316294  	23.4598
12 	24    	6.45524	5.93994	0.0272075  	23.4598
13 	24    	6.3681 	5.97096	0.0272075  	23.4684
14 	24    	6.32544	5.73218	0.0272075  	23.4095
15 	24    	6.28641	5.56661	0.0272075  	23.4463
16 	24    	6.22476	5.23448	0.0416926  	23.4064
17 	24    	6.1354 	4.99958	0.0420266  	23.3797
18 	24    	6.04806	4.91611	0.0420266  	23.3811
19 	24    	5.95625	4.80634	0.0420266  	23.3814
20 	24    	5.90285	4.2544 	0.0418601  	23.4286
21 	24    	5.83144	4.36694	0.0418601  	23.4333
22 	24    	5.76435	4.48641	0.0418601  	23.4333
23 	24    	5.64906	4.37159	0.0418601  	23.4333
24 	24    	5.57127	4.20452	0.196558   	18.3923
25 	24    	5.49542	4.26135	0.193206   	18.3963
26 	24    	5.38937	4.36756	0.192579   	18.4537
27 	24    	5.20871	4.46345	0.191069   	18.3963
28 	24    	5.15471	4.47679	0.18841    	18.3963
29 	24    	5.13922	4.48479	0.000424902	20.3912
30 	24    	5.12567	4.48516	0.000424902	20.3912
31 	24    	5.09516	4.50313	0.000424902	20.4553
32 	24    	5.02311	4.52398	0.000424902	20.4672
33 	24    	4.92677	4.5352 	0.000485535	20.4343
34 	24    	4.8782 	4.55159	0.000428711	20.4361
35 	24    	4.85853	4.59865	0.000317264	20.4482
36 	24    	4.84118	4.58157	0.000428711	20.4482
37 	24    	4.82224	4.55739	0.00032839 	20.4586
38 	24    	4.80723	4.63839	0.000228205	20.466 
39 	24    	4.7868 	4.63601	0.000228205	20.7778
40 	24    	4.764  	4.63902	0.000203293	20.7778
41 	24    	4.72729	4.66037	0.000282551	20.7778
42 	24    	4.67063	4.63166	0.000337791	20.5028
43 	24    	4.64276	4.63358	0.000337791	20.5028
44 	24    	4.59267	4.54861	0.000328123	20.51  
45 	24    	4.49589	4.40447	0.000328123	20.51  
46 	24    	4.33856	4.04788	0.000328123	20.5291
47 	24    	4.22804	3.70534	0.000406323	20.5336
48 	24    	4.16164	3.35391	0.00030695 	20.5413
49 	24    	4.14458	3.09294	0.000500799	20.5084
50 	24    	4.12961	3.20281	0.000423151	20.5084
51 	24    	4.12204	3.20194	0.000423151	20.5084
52 	24    	4.10539	3.30074	0.000423151	20.5261
53 	24    	4.08195	3.25283	0.00546274 	19.8177
54 	24    	4.05802	3.33791	0.00453818 	19.8177
55 	24    	4.04228	3.37563	0.00436118 	19.8177
56 	24    	4.01752	3.75338	0.00436118 	19.8199
57 	24    	3.97937	4.00154	0.00453818 	19.8199
58 	24    	3.93907	4.19956	0.00398135 	19.8207
59 	24    	3.90424	4.40663	0.00398135 	19.8219
60 	24    	3.88776	4.40577	0.00398135 	19.8219
61 	24    	3.8758 	4.39467	0.00413848 	19.8219
62 	24    	3.85215	4.37385	0.00394752 	19.821 
63 	24    	3.80702	4.33233	0.00440838 	19.8231
64 	24    	3.80101	4.32761	0.0043361  	19.8231
65 	24    	3.79763	4.32396	0.00414217 	19.8247
66 	24    	3.79666	4.32363	0.0043361  	19.8247
67 	24    	3.78406	4.2904 	0.00426187 	19.8247
68 	24    	3.77932	4.28355	0.00426187 	19.8247
69 	24    	3.76555	4.2516 	0.00426187 	19.8216
70 	24    	3.74047	4.18289	0.00426187 	19.8233
71 	24    	3.68815	4.03073	0.00370669 	19.8233
72 	24    	3.645  	3.8633 	0.00355796 	19.8209
73 	24    	3.5792 	3.64485	0.00355796 	19.8152
74 	24    	3.53004	3.48724	0.00358507 	14.8547
75 	24    	3.52068	3.48205	0.00358507 	14.8636
76 	24    	3.50748	3.46917	0.00358507 	14.8636
77 	24    	3.48362	3.41213	0.00358507 	14.8384
78 	24    	3.47799	3.39947	0.0041767  	14.8244
79 	24    	3.4621 	3.38729	0.0041767  	13.0797
80 	24    	3.44665	3.37884	0.0041767  	13.0525
81 	24    	3.40713	3.3658 	0.0042697  	13.086 
82 	24    	3.3589 	3.35239	0.00430048 	13.086 
83 	24    	3.31417	3.31545	0.00461092 	13.0874
84 	24    	3.29722	3.31464	0.00445238 	13.0775
85 	24    	3.28441	3.31414	0.00445238 	13.0775
86 	24    	3.27205	3.31333	0.00375463 	13.0681
87 	24    	3.26822	3.31207	0.00445238 	13.0892
88 	24    	3.26078	3.31201	0.00445238 	13.0892
89 	24    	3.25802	3.31121	0.00416205 	13.0892
90 	24    	3.24616	3.30783	0.00387626 	13.0892
91 	24    	3.22503	3.3022 	0.00416205 	13.0892
92 	24    	3.21271	3.30302	0.00416205 	13.0602
93 	24    	3.20538	3.31164	0.00444769 	13.0858
94 	24    	3.20059	3.31885	0.00420444 	13.0858
95 	24    	3.19213	3.32774	0.00420444 	13.0858
96 	24    	3.18427	3.33029	0.003869   	13.0985
97 	24    	3.16714	3.32128	0.00420444 	13.0985
98 	24    	3.16134	3.32409	0.00420444 	13.0754
99 	24    	3.16   	3.32061	0.00409536 	13.0712
100	24    	3.1596 	3.32026	0.00409536 	13.0712
101	24    	3.15539	3.32364	0.00420444 	13.9173
102	24    	3.15338	3.323  	0.00420444 	13.9173
103	24    	3.14706	3.32395	0.00420444 	13.9173
104	24    	3.1426 	3.32505	0.00423502 	13.9173
105	24    	3.13364	3.32635	0.00417659 	13.9222
106	24    	3.12313	3.35267	0.00417659 	19.2265
107	24    	3.09612	3.3869 	0.00417659 	19.2265
108	24    	3.0694 	3.4265 	0.00417659 	19.2099
109	24    	3.06345	3.39652	0.00388694 	13.9262
110	24    	3.06144	3.39068	0.00388694 	13.9683
111	24    	3.06046	3.37896	0.00388694 	13.9683
112	24    	3.05529	3.38072	0.00388694 	13.9262
113	24    	3.05374	3.38244	0.00402763 	13.9311
114	24    	3.04879	3.38166	0.00402763 	13.9311
115	24    	3.0425 	3.38735	0.00402763 	13.9311
116	24    	3.029  	3.38453	0.00402763 	13.9336
117	24    	3.01684	3.36134	0.00430824 	13.9336
118	24    	3.00632	3.31618	0.00419356 	13.9336
119	24    	2.99173	3.27856	0.00384699 	13.9272
120	24    	2.98997	3.28967	0.00465132 	13.9272
--- 16197.63861989975 seconds ---
ran GA
