preds
F11R
['CXCR4', 'CDC42', 'RAC2']
preds
ITGAL
['RASSF5', 'PECAM1', 'CYBA']
preds
RHOA
['CDC42', 'RAC1', 'RAC2']
preds
JAM3
['PTK2B', 'NCF2', 'CXCR4']
preds
RAC1
['RHOA', 'CDC42', 'F11R']
preds
RAC2
['RHOA', 'F11R', 'CXCR4']
preds
RASSF5
['NCF1', 'PTK2B', 'ITGAL']
preds
PTK2B
['SIPA1', 'JAM3', 'RASSF5']
preds
CXCR4
['F11R', 'RAC2', 'RAC1']
preds
ICAM1
['CXCR4', 'RAC1', 'RAC2']
preds
CDC42
['RHOA', 'RAC1', 'PTK2']
gen	nevals	avg    	std    	min       	max    
0  	24    	7.74116	4.86122	7.1261e-05	20.1086
1  	24    	6.64647	4.20789	6.72692e-05	19.971 
2  	24    	6.11195	3.76942	6.72692e-05	19.971 
3  	24    	5.90406	3.55299	6.72692e-05	18.1283
4  	24    	5.59746	3.38746	8.68167e-05	16.1324
5  	24    	5.42132	3.15353	3.95636e-05	16.1324
6  	24    	5.28319	3.105  	3.95636e-05	16.1324
7  	24    	5.16068	2.90577	8.6808e-05 	14.719 
8  	24    	5.0102 	2.72303	9.924e-05  	14.7119
9  	24    	4.88639	2.55917	9.924e-05  	14.7216
10 	24    	4.84526	2.65825	7.32552e-05	14.7216
11 	24    	4.80178	2.64367	4.35099e-05	14.7233
12 	24    	4.75152	2.43411	9.2203e-05 	12.8643
13 	24    	4.731  	2.49248	4.34894e-05	12.9044
14 	24    	4.68579	2.47177	4.34894e-05	12.9044
15 	24    	4.64672	2.55461	4.81013e-05	12.9044
16 	24    	4.61765	2.47306	0.000120078	12.858 
17 	24    	4.56566	2.41465	0.000120078	12.3286
18 	24    	4.54629	2.41765	8.12174e-05	12.3366
19 	24    	4.52784	2.45256	8.12174e-05	12.3366
20 	24    	4.52036	2.42244	8.12174e-05	12.3366
21 	24    	4.48936	2.39379	3.756e-05  	12.3366
22 	24    	4.48079	2.38667	3.756e-05  	12.336 
23 	24    	4.45211	2.3514 	5.62525e-05	12.336 
24 	24    	4.42954	2.39196	5.62525e-05	12.336 
25 	24    	4.40698	2.36413	5.62525e-05	12.336 
26 	24    	4.39115	2.3446 	5.62525e-05	12.3369
27 	24    	4.38528	2.33482	5.62525e-05	12.3035
28 	24    	4.34397	2.24965	5.62525e-05	12.2604
29 	24    	4.27642	2.218  	9.59302e-05	8.91132
30 	24    	4.22733	2.20202	9.59302e-05	8.91132
31 	24    	4.2007 	2.18609	9.59302e-05	8.91132
32 	24    	4.19604	2.16962	5.66967e-05	8.91132
33 	24    	4.18778	2.13274	8.50377e-05	8.91132
34 	24    	4.17778	2.0851 	8.50377e-05	8.91132
35 	24    	4.17359	2.06826	9.14267e-05	8.91132
36 	24    	4.17199	2.06676	9.14267e-05	8.89514
37 	24    	4.1715 	2.06625	9.14267e-05	8.88132
38 	24    	4.17122	2.06589	8.20883e-05	8.88132
39 	24    	4.17089	2.0656 	9.14267e-05	8.87502
40 	24    	4.17042	2.06539	9.14267e-05	8.87502
41 	24    	4.17006	2.06504	9.14267e-05	8.87502
42 	24    	4.16996	2.06488	9.14267e-05	8.87502
43 	24    	4.16989	2.06487	9.14267e-05	8.87502
44 	24    	4.1698 	2.06482	5.17759e-05	8.87502
45 	24    	4.16979	2.06478	5.17759e-05	8.87502
46 	24    	4.16613	2.05424	5.17759e-05	8.87502
47 	24    	4.1627 	2.04542	5.17759e-05	8.87502
48 	24    	4.14998	2.03187	5.17759e-05	8.89504
49 	24    	4.13668	2.01084	4.40335e-05	8.90402
50 	24    	4.11001	2.00634	7.11121e-05	8.90402
51 	24    	4.1024 	1.97444	5.83261e-05	8.89743
52 	24    	4.09186	1.89123	5.83261e-05	8.86268
53 	24    	4.08474	1.83861	5.329e-05  	7.40075
54 	24    	4.08391	1.83781	5.329e-05  	7.39877
55 	24    	4.08332	1.83725	5.329e-05  	7.39003
56 	24    	4.08299	1.83704	5.329e-05  	7.39003
57 	24    	4.0828 	1.83698	5.329e-05  	7.38997
58 	24    	4.081  	1.83616	5.329e-05  	7.4051 
59 	24    	4.07585	1.83347	5.329e-05  	7.4051 
60 	24    	4.06703	1.83216	5.329e-05  	7.4051 
61 	24    	4.05368	1.82877	9.0009e-05 	7.4051 
62 	24    	4.03299	1.82561	9.0009e-05 	7.38341
63 	24    	4.02441	1.83077	9.0009e-05 	7.38341
64 	24    	4.00274	1.84863	0.000113132	7.38815
65 	24    	3.99037	1.85893	0.000112568	7.38815
66 	24    	3.98966	1.85861	8.70404e-05	7.37969
67 	24    	3.98922	1.85809	8.70404e-05	7.37761
68 	24    	3.98909	1.85806	8.70404e-05	7.37761
69 	24    	3.98892	1.85781	8.70404e-05	7.37475
70 	24    	3.98884	1.85788	8.70404e-05	7.37475
71 	24    	3.98868	1.85797	8.70404e-05	7.37475
72 	24    	3.98643	1.85678	8.70404e-05	7.37475
73 	24    	3.9843 	1.85515	8.70404e-05	7.38673
74 	24    	3.9821 	1.85393	8.70404e-05	7.38673
75 	24    	3.97988	1.85275	0.000130259	7.38673
76 	24    	3.97169	1.84806	6.26924e-05	7.38673
77 	24    	3.96471	1.84324	6.26924e-05	7.38705
78 	24    	3.94849	1.83253	6.26924e-05	7.43081
79 	24    	3.93776	1.82885	0.000121738	7.38196
80 	24    	3.93714	1.82839	7.2223e-05 	7.37969
81 	24    	3.93681	1.82818	7.2223e-05 	7.37969
82 	24    	3.93664	1.82812	4.53607e-05	7.37533
83 	24    	3.9364 	1.82802	4.53607e-05	7.37148
84 	24    	3.93629	1.82786	4.53607e-05	7.37148
85 	24    	3.93618	1.8278 	4.53607e-05	7.37148
86 	24    	3.93613	1.82773	4.53607e-05	7.37148
87 	24    	3.936  	1.82766	4.53607e-05	7.37148
88 	24    	3.93595	1.82773	4.53607e-05	7.37148
89 	24    	3.93585	1.82758	4.53607e-05	7.37148
90 	24    	3.93581	1.82759	4.53607e-05	7.37148
91 	24    	3.93577	1.82763	4.53607e-05	7.37148
92 	24    	3.93572	1.82754	4.53607e-05	7.37148
93 	24    	3.93559	1.82744	4.53607e-05	7.37148
94 	24    	3.93559	1.82744	4.53607e-05	7.37148
95 	24    	3.93559	1.82744	4.53607e-05	7.37148
96 	24    	3.93379	1.82715	5.11251e-05	7.38044
97 	24    	3.92852	1.82641	5.11251e-05	7.38883
98 	24    	3.92475	1.82532	0.000116337	7.54351
99 	24    	3.91766	1.827  	0.000116337	7.54567
100	24    	3.91141	1.83126	9.94316e-05	7.54567
101	24    	3.90014	1.82833	2.46764e-05	7.53331
102	24    	3.89349	1.82233	2.46764e-05	7.38044
103	24    	3.89174	1.81959	0.000116142	7.37946
104	24    	3.88952	1.81473	9.27209e-05	7.37946
105	24    	3.88472	1.80114	9.27209e-05	7.37547
106	24    	3.87852	1.79264	9.27209e-05	7.37744
107	24    	3.87076	1.77725	5.97984e-05	7.37   
108	24    	3.86216	1.7548 	5.97984e-05	7.36192
109	24    	3.85853	1.75034	5.97984e-05	7.36192
110	24    	3.85031	1.73743	5.97984e-05	7.36192
111	24    	3.84486	1.73923	5.97984e-05	7.36192
112	24    	3.84304	1.74751	5.97984e-05	7.36571
113	24    	3.83854	1.75963	5.97984e-05	7.38487
114	24    	3.8315 	1.7726 	9.43454e-05	7.38487
115	24    	3.82263	1.7895 	5.559e-05  	7.38487
116	24    	3.81116	1.78737	5.559e-05  	7.36733
117	24    	3.80698	1.77602	5.559e-05  	6.87962
118	24    	3.80553	1.77619	5.559e-05  	6.87778
119	24    	3.8031 	1.7766 	5.559e-05  	6.87778
120	24    	3.80183	1.7765 	5.559e-05  	6.87249
--- 7491.008902549744 seconds ---
ran GA
