preds
ITGAL
['ICAM2', 'JAM3', 'ICAM3']
preds
CD226
['JAM3', 'ICAM2', 'ITGAL']
preds
ITGA4
['JAM3', 'MADCAM1', 'F11R']
preds
ICAM1
['ICAM3', 'F11R', 'ITGAL']
gen	nevals	avg    	std  	min        	max    
0  	24    	1.57991	3.407	5.59192e-05	15.5309
1  	24    	1.51334	3.20301	0.000100082	13.9036
2  	24    	1.48038	3.11962	0.000111412	12.3989
3  	24    	1.45756	3.07895	0.000115927	10.3008
4  	24    	1.44835	3.0749 	4.41782e-05	10.3008
5  	24    	1.43418	3.05636	9.76224e-05	10.3086
6  	24    	1.42355	3.04983	9.76224e-05	10.3086
7  	24    	1.4119 	3.03991	4.88146e-05	10.3122
8  	24    	1.40695	3.03582	4.88146e-05	10.3008
9  	24    	1.40168	3.01623	9.76224e-05	10.2493
10 	24    	1.39315	2.99225	9.36161e-05	10.1947
11 	24    	1.38258	2.97915	0.000102603	9.28746
12 	24    	1.38083	2.97619	0.000117571	9.25972
13 	24    	1.38054	2.97571	8.73628e-05	9.2691 
14 	24    	1.38029	2.97458	0.000133473	9.25972
15 	24    	1.38   	2.97429	0.000102642	9.25972
16 	24    	1.37991	2.97453	7.45634e-05	9.25972
17 	24    	1.37948	2.97446	6.36111e-05	9.25972
18 	24    	1.37902	2.97312	0.000115369	9.25972
19 	24    	1.37868	2.97285	1.99803e-05	9.22546
20 	24    	1.37847	2.97223	1.99803e-05	9.22546
21 	24    	1.37844	2.97209	1.99803e-05	9.22546
22 	24    	1.37838	2.97226	1.99803e-05	9.22546
23 	24    	1.37827	2.97218	1.99803e-05	9.22546
24 	24    	1.37815	2.97219	1.99803e-05	9.22546
25 	24    	1.37525	2.96654	1.99803e-05	9.22546
26 	24    	1.35872	2.94528	1.99803e-05	9.22672
27 	24    	1.34275	2.9196 	1.99803e-05	9.22802
28 	24    	1.31002	2.87629	1.99803e-05	9.32118
29 	24    	1.26373	2.80742	2.98997e-05	9.32118
30 	24    	1.1906 	2.70515	8.21253e-05	9.32118
31 	24    	1.12929	2.64475	9.60548e-05	9.32118
32 	24    	1.07292	2.58765	9.60548e-05	11.202 
33 	24    	1.04967	2.55316	0.000102446	9.33608
34 	24    	1.04189	2.54405	9.5438e-05 	9.28253
35 	24    	1.03853	2.54124	9.5438e-05 	9.26295
36 	24    	1.01811	2.53071	8.26996e-05	9.32311
37 	24    	0.993767	2.51954	3.45571e-05	9.35038
38 	24    	0.989142	2.51255	8.26996e-05	9.28949
39 	24    	0.988598	2.51098	9.61193e-05	9.24779
40 	24    	0.988   	2.50922	9.61193e-05	9.24752
41 	24    	0.987349	2.50748	6.26836e-05	9.2334 
42 	24    	0.987197	2.50774	6.26836e-05	9.2334 
43 	24    	0.98685 	2.50708	6.26836e-05	9.2334 
44 	24    	0.986666	2.50689	6.26836e-05	9.2334 
45 	24    	0.986575	2.50748	7.35203e-05	9.24549
46 	24    	0.986538	2.50664	7.35203e-05	9.26633
47 	24    	0.986253	2.50625	7.35203e-05	9.2334 
48 	24    	0.986133	2.50581	0.000117158	9.22501
49 	24    	0.986003	2.5054 	0.000117158	9.22501
50 	24    	0.985958	2.50545	0.000117158	9.22501
51 	24    	0.985796	2.5051 	0.000117158	9.22501
52 	24    	0.985772	2.5052 	0.000117158	9.22501
53 	24    	0.985755	2.505  	0.000117158	9.22501
54 	24    	0.985755	2.505  	0.000117158	9.22501
55 	24    	0.985728	2.50454	0.000117158	9.22501
56 	24    	0.985728	2.50454	0.000117158	9.22501
57 	24    	0.985708	2.50442	0.000117158	9.24981
58 	24    	0.985686	2.50425	0.000108041	9.24981
59 	24    	0.985686	2.50425	0.000108041	9.24981
60 	24    	0.985647	2.50441	0.000108041	9.24981
61 	24    	0.985632	2.50446	0.000108041	9.24981
62 	24    	0.985632	2.50446	0.000108041	9.24981
63 	24    	0.985632	2.50446	0.000108041	9.24981
64 	24    	0.985632	2.50446	0.000108041	9.24981
65 	24    	0.985632	2.50446	0.000108041	9.24981
66 	24    	0.985468	2.50373	9.19112e-05	9.24981
67 	24    	0.985397	2.50335	9.19112e-05	9.24981
68 	24    	0.985345	2.50359	9.19112e-05	9.24981
69 	24    	0.985345	2.50359	9.19112e-05	9.24981
70 	24    	0.98534 	2.50345	9.19112e-05	9.24981
71 	24    	0.985322	2.50332	9.19112e-05	9.24981
72 	24    	0.9853  	2.50335	9.19112e-05	9.24981
73 	24    	0.9853  	2.50335	9.19112e-05	9.24981
74 	24    	0.985297	2.50318	9.19112e-05	9.24981
75 	24    	0.985297	2.50318	9.19112e-05	9.24981
76 	24    	0.985297	2.50318	9.19112e-05	9.24981
77 	24    	0.985187	2.50311	9.19112e-05	9.20126
78 	24    	0.985027	2.50303	9.19112e-05	9.20126
79 	24    	0.985027	2.50303	9.19112e-05	9.20126
80 	24    	0.985027	2.50303	9.19112e-05	9.20126
81 	24    	0.985014	2.50289	9.19112e-05	9.20126
82 	24    	0.985014	2.50289	9.19112e-05	9.20126
83 	24    	0.985014	2.50289	9.19112e-05	9.20126
84 	24    	0.985014	2.50289	9.19112e-05	9.20126
85 	24    	0.984995	2.50316	0.000112515	9.20126
86 	24    	0.984995	2.50316	0.000112515	9.20126
87 	24    	0.984995	2.50316	0.000112515	9.20126
88 	24    	0.984686	2.50188	0.000112515	9.20126
89 	24    	0.984672	2.50212	0.000112515	9.20126
90 	24    	0.98466 	2.50206	8.95175e-05	9.20126
91 	24    	0.98466 	2.50206	8.95175e-05	9.20126
92 	24    	0.98466 	2.50206	8.95175e-05	9.20126
93 	24    	0.98466 	2.50206	8.95175e-05	9.20126
94 	24    	0.98466 	2.50206	8.95175e-05	9.20126
95 	24    	0.984639	2.50217	8.95175e-05	9.20126
96 	24    	0.984639	2.50217	8.95175e-05	9.20126
97 	24    	0.984639	2.50217	8.95175e-05	9.20126
98 	24    	0.984639	2.50217	8.95175e-05	9.20126
99 	24    	0.984639	2.50217	8.95175e-05	9.20126
100	24    	0.984639	2.50217	8.95175e-05	9.20126
101	24    	0.984639	2.50217	8.95175e-05	9.20126
102	24    	0.984601	2.50216	8.95175e-05	9.20126
103	24    	0.984601	2.50216	8.95175e-05	9.20126
104	24    	0.984535	2.50188	8.95175e-05	9.20126
105	24    	0.984535	2.50188	8.95175e-05	9.20126
106	24    	0.98453 	2.50171	0.000123307	9.20126
107	24    	0.98453 	2.50171	0.000123307	9.20126
108	24    	0.98444 	2.50177	0.000123307	9.20126
109	24    	0.98444 	2.50177	0.000123307	9.20126
110	24    	0.984421	2.50144	0.000123307	9.20126
111	24    	0.984421	2.50144	0.000123307	9.20126
112	24    	0.984406	2.50141	0.000123307	9.20126
113	24    	0.984406	2.50141	0.000123307	9.20126
114	24    	0.984406	2.50141	0.000123307	9.20126
115	24    	0.984406	2.50141	0.000123307	9.20126
116	24    	0.984402	2.5013 	0.000123307	9.20126
117	24    	0.9844  	2.50127	0.000123307	9.20126
118	24    	0.984342	2.50145	0.000123307	9.20126
119	24    	0.984342	2.50145	0.000123307	9.20126
120	24    	0.984342	2.50145	0.000123307	9.20126
--- 5507.783255815506 seconds ---
ran GA
