preds
WASF1
['NCKAP1', 'ABI2', 'GNG12']
preds
APC
['GSN', 'CDC42', 'RHOA']
preds
ABI2
['NCKAP1', 'WASF1', 'ARHGEF6']
preds
NCKAP1
['ABI2', 'GNG12', 'WASF1']
preds
BAIAP2
['PTK2', 'CDC42', 'RHOA']
preds
GIT1
['RHOA', 'CDC42', 'PTK2']
preds
CDC42
['RHOA', 'FN1', 'APC']
preds
RHOA
['CDC42', 'SLC9A1', 'PTK2']
preds
ARHGEF6
['ABI2', 'NCKAP1', 'GNG12']
preds
GNG12
['BCAR1', 'NCKAP1', 'ARHGEF6']
preds
CRK
['WASF2', 'RHOA', 'PTK2']
preds
BCAR1
['GNG12', 'BAIAP2', 'GIT1']
preds
PTK2
['ENAH', 'RHOA', 'CRK']
preds
FN1
['RHOA', 'CDC42', 'WASF1']
gen	nevals	avg    	std    	min     	max    
0  	24    	8.57318	6.18139	0.329793	20.8918
1  	24    	7.03513	5.25701	0.21664 	20.8918
2  	24    	6.49815	4.80952	0.239687	20.8918
3  	24    	5.92064	4.14193	0.239687	20.8918
4  	24    	5.39137	3.46061	0.00166661	20.8918
5  	24    	5.03182	2.94187	0.279232  	19.7118
6  	24    	4.86413	2.7257 	0.279232  	13.4565
7  	24    	4.7812 	2.622  	0.279232  	13.1938
8  	24    	4.71043	2.49305	0.187947  	11.8176
9  	24    	4.65684	2.42156	0.187947  	11.8176
10 	24    	4.61519	2.36038	0.279232  	11.6722
11 	24    	4.58415	2.37188	0.279232  	11.6722
12 	24    	4.51496	2.34661	0.29261   	11.6587
13 	24    	4.47184	2.39731	0.236226  	12.5437
14 	24    	4.44598	2.42039	0.236226  	11.6587
15 	24    	4.43624	2.43103	0.236226  	11.6061
16 	24    	4.42683	2.37106	0.236226  	11.594 
17 	24    	4.40338	2.22331	0.236226  	11.5641
18 	24    	4.36693	2.04618	0.236226  	10.6636
19 	24    	4.32629	2.0177 	0.147182  	11.1809
20 	24    	4.30642	2.01451	0.322789  	7.88006
21 	24    	4.29845	2.02685	0.322789  	7.8785 
22 	24    	4.29174	2.05221	0.322438  	7.89532
23 	24    	4.27463	2.11986	0.322801  	7.89532
24 	24    	4.26392	2.14335	0.322518  	7.89009
25 	24    	4.25784	2.14236	0.322518  	7.8785 
26 	24    	4.24899	2.14117	0.322518  	7.46481
27 	24    	4.24888	2.14125	0.322801  	7.46481
28 	24    	4.24866	2.14122	0.322702  	7.46481
29 	24    	4.24229	2.13996	0.322702  	7.46481
30 	24    	4.2422 	2.14003	0.322702  	7.46481
31 	24    	4.24215	2.14006	0.322702  	7.46481
32 	24    	4.23586	2.13878	0.322702  	7.46481
33 	24    	4.19824	2.13061	0.322702  	7.46481
34 	24    	4.14813	2.11853	0.322746  	7.46481
35 	24    	4.09695	2.10229	0.322746  	7.46481
36 	24    	4.09442	2.09644	0.322714  	7.46481
37 	24    	4.09214	2.09052	0.322714  	7.46481
38 	24    	4.08559	2.07254	0.323305  	7.46481
39 	24    	4.07919	2.05442	0.322931  	7.46481
40 	24    	4.06951	2.03789	0.15071   	7.46481
41 	24    	4.06795	2.03951	0.136649  	7.46481
42 	24    	4.06607	2.04434	0.136649  	7.46481
43 	24    	4.05932	2.05754	0.134252  	7.46481
44 	24    	4.04807	2.07085	0.133734  	7.46481
45 	24    	4.03611	2.09031	0.133495  	7.46481
46 	24    	4.02907	2.11869	0.133425  	7.46481
47 	24    	4.02409	2.13926	0.138725  	7.46481
48 	24    	4.01014	2.14477	0.00750221	7.46481
49 	24    	3.98382	2.15208	0.00566635	8.00995
50 	24    	3.95353	2.14654	0.00223697	8.00995
51 	24    	3.90889	2.1794 	0.00184491	11.6031
52 	24    	3.82278	2.28264	0.00162292	11.6031
53 	24    	3.75504	2.3008 	0.00162292	8.00995
54 	24    	3.73237	2.30142	0.00162292	8.00995
55 	24    	3.72815	2.27868	0.00162292	8.00995
56 	24    	3.72572	2.27375	0.00223697	8.00995
57 	24    	3.72147	2.23556	0.00223697	8.00995
58 	24    	3.70987	2.20003	0.00223697	10.6477
59 	24    	3.69587	2.13473	0.0039958 	10.6477
60 	24    	3.67036	2.1263 	0.00362217	10.6477
61 	24    	3.65205	2.10372	0.00362217	10.6485
62 	24    	3.61772	2.07941	0.00362217	10.6485
63 	24    	3.58466	2.03463	0.00351032	10.6485
64 	24    	3.54916	2.08535	0.00281144	10.6493
65 	24    	3.5269 	2.1699 	0.00192351	10.6488
66 	24    	3.52098	2.17603	0.00192351	10.6492
67 	24    	3.51782	2.05917	0.00187304	10.6483
68 	24    	3.51357	1.85664	0.00187304	10.6483
69 	24    	3.5085 	1.79759	0.00170507	6.96978
70 	24    	3.5043 	1.7905 	0.00131867	6.94713
71 	24    	3.50246	1.78672	0.00131867	6.92251
72 	24    	3.49259	1.77246	0.00131867	6.9181 
73 	24    	3.48269	1.75861	0.00131867	6.91309
74 	24    	3.4648 	1.73249	0.00131867	6.87002
75 	24    	3.45795	1.73299	0.00131867	6.87002
76 	24    	3.45407	1.73679	0.00131867	6.87002
77 	24    	3.44291	1.74077	0.00131867	6.87002
78 	24    	3.43061	1.75124	0.00235699	6.87002
79 	24    	3.42872	1.75239	0.00235699	6.8519 
80 	24    	3.42355	1.74511	0.00204863	6.85063
81 	24    	3.411  	1.73312	0.00204863	6.84955
82 	24    	3.39139	1.71046	0.00204863	6.84234
83 	24    	3.36278	1.67984	0.00307067	6.37585
84 	24    	3.34784	1.67065	0.0037313 	6.37416
85 	24    	3.32848	1.65263	0.0037313 	6.37238
86 	24    	3.30946	1.63944	0.0037313 	7.31267
87 	24    	3.29816	1.6219 	0.00614691	6.37293
88 	24    	3.29662	1.62287	0.00361909	6.37293
89 	24    	3.29376	1.62661	0.0029814 	6.3717 
90 	24    	3.29262	1.62738	0.0029814 	6.37465
91 	24    	3.2878 	1.63418	0.0029814 	6.37465
92 	24    	3.27832	1.64586	0.00221194	6.37399
93 	24    	3.27363	1.65239	0.00221194	6.37334
94 	24    	3.27065	1.655  	0.00142787	6.37334
95 	24    	3.26621	1.65972	0.00142787	6.37334
96 	24    	3.25771	1.67032	0.211728  	6.37334
97 	24    	3.25578	1.67156	0.211728  	6.37364
98 	24    	3.25451	1.67275	0.211728  	6.37364
99 	24    	3.25145	1.67734	0.211728  	6.37364
100	24    	3.24808	1.69105	0.165547  	7.31247
101	24    	3.24023	1.70311	0.165547  	7.31247
102	24    	3.23752	1.7061 	0.164828  	7.31409
103	24    	3.23673	1.71513	0.164828  	7.31409
104	24    	3.23564	1.71643	0.164828  	7.31409
105	24    	3.23488	1.71748	0.164828  	7.31409
106	24    	3.23339	1.71971	0.164828  	7.31409
107	24    	3.22762	1.72778	0.164828  	7.31409
108	24    	3.22285	1.73575	0.164828  	7.31409
109	24    	3.22156	1.71989	0.211915  	6.3735 
110	24    	3.21959	1.71792	0.209351  	6.3735 
111	24    	3.21545	1.71263	0.202605  	6.3735 
112	24    	3.21276	1.7108 	0.202605  	6.37375
113	24    	3.20429	1.70417	0.208636  	6.37194
114	24    	3.19606	1.70262	0.210295  	6.37194
115	24    	3.19006	1.71033	0.209721  	6.37507
116	24    	3.18163	1.72235	0.209721  	6.37507
117	24    	3.17481	1.73304	0.209721  	6.37507
118	24    	3.16834	1.73841	0.209584  	6.37755
119	24    	3.16763	1.73874	0.209584  	6.37755
120	24    	3.16671	1.73969	0.203913  	6.37507
--- 8405.753088712692 seconds ---
ran GA
