slurmstepd: error: task/cgroup: unable to add task[pid=16345] to memory cg '(null)'
preds
RHEB
['CDC37', 'IRS1', 'BAD']
preds
TSC2
['TSC1', 'PIK3AP1', 'BCL2']
preds
TSC1
['PIK3AP1', 'TSC2', 'BCL2']
preds
PDPK1
['IRS1', 'CRTC2', 'RAC1']
preds
PTEN
['GSK3B', 'NOS3', 'CDKN1B']
preds
IRS1
['PDPK1', 'PTK2', 'BCL2L1']
preds
GSK3B
['PTEN', 'BCL2', 'CCND1']
preds
CDKN1B
['THEM4', 'FOXO3', 'BCL2']
preds
FOXO3
['NR4A1', 'CDKN1B', 'PTEN']
preds
BAD
['PDPK1', 'CRTC2', 'RAC1']
preds
MDM2
['MYB', 'BCL2', 'NOS3']
preds
BCL2L1
['IRS1', 'RAC1', 'CASP9']
preds
GRB2
['BCL2L1', 'PTK2', 'CRTC2']
preds
THEM4
['DDIT4', 'CDKN1B', 'NOS3']
preds
CDC37
['RAC1', 'RHEB', 'SYK']
preds
NOS3
['THEM4', 'PTEN', 'MDM2']
preds
CRTC2
['RAC1', 'PTK2', 'PDPK1']
preds
CDKN1A
['THEM4', 'PTEN', 'G6PC']
preds
CASP9
['BCL2L1', 'PTK2', 'IRS1']
preds
RAF1
['BRCA1', 'STK11', 'CDC37']
preds
CD19
['CDC37', 'GRB2', 'IRS1']
preds
PTK2
['IRS1', 'CRTC2', 'RAC1']
preds
RAC1
['BCL2L1', 'CRTC2', 'IRS1']
preds
BRCA1
['CRTC2', 'PTK2', 'CDC37']
preds
BCL2
['MDM2', 'CDKN1B', 'THEM4']
preds
MCL1
['BCL2', 'PTEN', 'THEM4']
preds
MYB
['MDM2', 'NR4A1', 'PIK3AP1']
preds
PIK3AP1
['TSC1', 'TSC2', 'MYB']
preds
NR4A1
['FOXO3', 'MYB', 'BCL2']
gen	nevals	avg    	std    	min     	max    
0  	24    	8.97487	5.68325	0.244241	21.7352
1  	24    	7.70572	5.20745	0.244241	21.7352
2  	24    	7.30273	4.98843	0.164337	21.7352
3  	24    	6.70166	4.67202	0.164337	21.7352
4  	24    	6.37541	4.26585	0.164337	21.7352
5  	24    	6.00473	3.82656	0.210727	21.7352
6  	24    	5.83392	3.53785	0.210727	21.7352
7  	24    	5.70916	3.32051	0.210727	21.7352
8  	24    	5.57831	3.14914	0.254616	21.7352
9  	24    	5.4648 	3.10097	0.254616	21.7352
10 	24    	5.41519	2.96631	0.254616	21.7352
11 	24    	5.38803	2.93875	0.254485	21.7352
12 	24    	5.29965	2.76404	0.290259	21.7352
13 	24    	5.22222	2.75495	0.290925	21.7352
14 	24    	5.15844	2.42821	0.373256	18.4207
15 	24    	5.09305	2.19484	0.373256	12.109 
16 	24    	5.04302	2.25166	0.373256	12.1102
17 	24    	5.01535	2.23622	0.373256	13.0024
18 	24    	4.97304	2.18613	0.373256	13.0024
19 	24    	4.94229	2.18053	0.373256	13.0024
20 	24    	4.90825	2.14871	0.373256	12.1095
21 	24    	4.87233	2.16646	0.373256	12.1095
22 	24    	4.82325	2.16094	0.373256	12.1095
23 	24    	4.79071	2.24645	0.373256	12.1153
24 	24    	4.78312	2.24497	0.373256	12.1153
25 	24    	4.77897	2.25066	0.373256	12.1153
26 	24    	4.77505	2.25627	0.373256	12.1153
27 	24    	4.75962	2.27622	0.379838	12.1104
28 	24    	4.75761	2.27843	0.379838	12.1104
29 	24    	4.7555 	2.28047	0.379838	12.1104
30 	24    	4.75114	2.28446	0.381581	12.1104
31 	24    	4.73671	2.27445	0.381939	12.1112
32 	24    	4.71648	2.25264	0.381651	12.1104
33 	24    	4.69751	2.23018	0.372703	12.1102
34 	24    	4.68133	2.16473	0.265028	12.1106
35 	24    	4.63612	2.00168	0.265028	9.90282
36 	24    	4.62127	2.01586	0.26688 	9.42229
37 	24    	4.60611	2.04489	0.266274	9.42427
38 	24    	4.59827	2.0425 	0.381022	8.2169 
39 	24    	4.59804	2.04228	0.381022	8.21424
40 	24    	4.59791	2.04223	0.381022	8.21211
41 	24    	4.59785	2.04217	0.381022	8.21543
42 	24    	4.59779	2.04221	0.379908	8.21543
43 	24    	4.58844	2.06982	0.0346234	9.33339
44 	24    	4.58091	2.09839	0.0346234	9.33339
45 	24    	4.55159	2.17961	0.0340747	9.33619
46 	24    	4.52066	2.28772	0.0340747	9.86535
47 	24    	4.46806	2.38635	0.0340747	9.54811
48 	24    	4.40734	2.6412 	0.0340747	9.35456
49 	24    	4.39173	2.63009	0.0333667	9.35468
50 	24    	4.37637	2.61868	0.0333667	9.34908
51 	24    	4.37346	2.61329	0.0343012	9.34502
52 	24    	4.36927	2.60634	0.0343012	9.34502
53 	24    	4.3616 	2.59363	0.0347374	9.34502
54 	24    	4.35089	2.57884	0.034403 	9.3479 
55 	24    	4.32919	2.54679	0.0336038	9.3479 
56 	24    	4.32073	2.54566	0.033738 	9.34531
57 	24    	4.31092	2.55105	0.033738 	9.34643
58 	24    	4.29054	2.57143	0.033738 	9.34556
59 	24    	4.26855	2.53833	0.0327346	9.34556
60 	24    	4.25338	2.52491	0.0327346	9.34174
61 	24    	4.2454 	2.51202	0.0340519	9.34153
62 	24    	4.22477	2.49957	0.0331917	9.34382
63 	24    	4.20474	2.4839 	0.0341543	8.98149
64 	24    	4.2    	2.48432	0.0341488	8.94645
65 	24    	4.19388	2.48025	0.0341488	8.94389
66 	24    	4.18692	2.48683	0.032851 	8.95374
67 	24    	4.17471	2.49686	0.032851 	9.00241
68 	24    	4.17079	2.48723	0.034059 	8.97592
69 	24    	4.16966	2.49596	0.034059 	9.07472
70 	24    	4.16515	2.4865 	0.0345072	9.07472
71 	24    	4.15642	2.47995	0.0343525	9.07472
72 	24    	4.14126	2.45533	0.0341748	9.07472
73 	24    	4.11561	2.39547	0.0340994	8.97183
74 	24    	4.11262	2.3951 	0.0340994	8.95729
75 	24    	4.09508	2.38823	0.0335269	8.9584 
76 	24    	4.06982	2.3881 	0.0335269	8.95729
77 	24    	4.02045	2.3911 	0.0335269	9.08582
78 	24    	3.96262	2.35267	0.0335269	9.08582
79 	24    	3.93737	2.32082	0.0335104	8.89841
80 	24    	3.92435	2.32111	0.0328883	8.07597
81 	24    	3.90064	2.33283	0.0331602	8.07585
82 	24    	3.86897	2.37384	0.0331602	11.0979
83 	24    	3.80829	2.39764	0.0331602	9.07675
84 	24    	3.78322	2.40261	0.0331602	8.17984
85 	24    	3.7768 	2.40439	0.0331602	8.17984
86 	24    	3.76046	2.40498	0.0331602	8.19032
87 	24    	3.7494 	2.38156	0.0331602	8.19032
88 	24    	3.72932	2.38135	0.0345595	8.19032
89 	24    	3.7274 	2.38615	0.0330268	8.22924
90 	24    	3.72197	2.39985	0.0330268	8.22924
91 	24    	3.71915	2.40622	0.0338576	8.22182
92 	24    	3.7151 	2.41789	0.0338576	8.22182
93 	24    	3.71153	2.4137 	0.0338576	8.2216 
94 	24    	3.70261	2.40134	0.0338576	8.2216 
95 	24    	3.69339	2.38682	0.0341826	8.20387
96 	24    	3.66936	2.35192	0.0341826	8.21169
97 	24    	3.65847	2.3346 	0.0341826	9.43338
98 	24    	3.64189	2.3198 	0.0336653	9.43338
99 	24    	3.62493	2.28007	0.0331306	8.07579
100	24    	3.61953	2.27782	0.0341168	8.18664
101	24    	3.61588	2.27904	0.0337938	8.18664
102	24    	3.6112 	2.28302	0.0325663	8.18664
103	24    	3.60546	2.28972	0.0325663	8.18664
104	24    	3.60442	2.28938	0.0325663	8.18664
105	24    	3.60313	2.28757	0.0325663	8.18664
106	24    	3.60276	2.28462	0.0339921	8.18664
107	24    	3.60088	2.28345	0.0341331	8.18664
108	24    	3.59918	2.28162	0.0340383	8.19785
109	24    	3.59852	2.28194	0.0340383	8.19785
110	24    	3.59491	2.27988	0.0340383	8.19785
111	24    	3.58773	2.2768 	0.0340383	8.19785
112	24    	3.58367	2.27384	0.0388972	8.19785
113	24    	3.58137	2.27163	0.0388972	8.19519
114	24    	3.57958	2.27067	0.0393726	8.19519
115	24    	3.57423	2.26862	0.0393726	8.20216
116	24    	3.56562	2.26938	0.0386442	8.20216
117	24    	3.55874	2.26552	0.0386442	8.20216
118	24    	3.55276	2.26619	0.0386442	8.20216
119	24    	3.54152	2.2614 	0.0390103	8.20216
120	24    	3.53852	2.25408	0.0383101	8.19149
--- 16044.17256641388 seconds ---
ran GA
