slurmstepd: error: task/cgroup: unable to add task[pid=36367] to memory cg '(null)'
preds
RHEB
['CDC37', 'CD19', 'TSC2']
preds
TSC2
['MCL1', 'PIK3AP1', 'BCL2']
preds
TSC1
['PIK3AP1', 'MDM2', 'THEM4']
preds
PDPK1
['IRS1', 'CRTC2', 'RAC1']
preds
PTEN
['BCL2', 'NOS3', 'CDKN1B']
preds
IRS1
['PDPK1', 'PTK2', 'EIF4EBP1']
preds
GSK3B
['BCL2', 'NR4A1', 'CDKN1B']
preds
CDKN1B
['NOS3', 'PTEN', 'GSK3B']
preds
FOXO3
['DDIT4', 'NR4A1', 'GSK3B']
preds
BAD
['PDPK1', 'GRB2', 'IRS1']
preds
MDM2
['BCL2', 'CDKN1B', 'PIK3AP1']
preds
BCL2L1
['PTK2', 'CDC37', 'GRB2']
preds
GRB2
['CDC37', 'BCL2L1', 'CASP9']
preds
THEM4
['NR4A1', 'BCL2', 'CCND1']
preds
CDC37
['BCL2L1', 'GRB2', 'RAC1']
preds
NOS3
['NR4A1', 'PTEN', 'CDKN1B']
preds
CRTC2
['PDPK1', 'BCL2L1', 'GRB2']
preds
CDKN1A
['BCL2', 'THEM4', 'PTEN']
preds
CASP9
['GRB2', 'PTK2', 'RAC1']
preds
RAF1
['BRCA1', 'PTK2', 'CRTC2']
preds
CD19
['GRB2', 'BCL2L1', 'IRS1']
preds
PTK2
['IRS1', 'BCL2L1', 'RAC1']
preds
RAC1
['PDPK1', 'CDC37', 'PTK2']
preds
BRCA1
['PTK2', 'CASP9', 'IRS1']
preds
BCL2
['PTEN', 'MDM2', 'THEM4']
preds
MCL1
['TSC2', 'PTEN', 'THEM4']
preds
MYB
['CDKN1B', 'THEM4', 'PIK3AP1']
preds
PIK3AP1
['TSC1', 'MYC', 'TSC2']
preds
NR4A1
['FOXO3', 'THEM4', 'NOS3']
gen	nevals	avg    	std    	min      	max    
0  	24    	8.76153	5.18646	0.0883448	21.7352
1  	24    	7.64182	4.67239	0.17428  	21.7352
2  	24    	7.18472	4.23967	0.180163 	21.7352
3  	24    	6.8644 	3.80821	0.0520063	21.7352
4  	24    	6.53242	3.5978 	0.0520063	21.7352
5  	24    	6.27362	3.43001	0.0577204	21.7352
6  	24    	5.99926	3.20981	0.0577496	21.6824
7  	24    	5.79374	3.02775	0.0588712	19.2469
8  	24    	5.59328	2.82932	0.0588712	18.669 
9  	24    	5.36226	2.78183	0.229899 	18.0462
10 	24    	5.22518	2.8377 	0.386932 	18.0112
11 	24    	5.1633 	2.75245	0.386931 	18.0112
12 	24    	5.05798	2.47466	0.386825 	18.0112
13 	24    	4.99175	2.44538	0.386735 	18.0112
14 	24    	4.89849	2.28833	0.386355 	14.8872
15 	24    	4.84871	2.19087	0.386654 	12.0491
16 	24    	4.78161	2.08958	0.394311 	12.047 
17 	24    	4.73237	2.13038	0.394311 	12.0287
18 	24    	4.693  	2.06785	0.409001 	12.0287
19 	24    	4.65508	2.02261	0.408896 	12.0298
20 	24    	4.62123	1.95629	0.429606 	12.0284
21 	24    	4.58932	1.96462	0.429606 	10.1538
22 	24    	4.56941	1.96956	0.429606 	9.22345
23 	24    	4.56318	1.95635	0.429606 	9.22345
24 	24    	4.55157	1.94233	0.430225 	9.22345
25 	24    	4.54184	1.93584	0.430042 	9.22345
26 	24    	4.53344	1.96548	0.430225 	9.2233 
27 	24    	4.52713	1.98847	0.43024  	9.2233 
28 	24    	4.52631	1.98827	0.430543 	9.2233 
29 	24    	4.52498	1.98805	0.430567 	9.22248
30 	24    	4.52401	1.98763	0.430674 	9.22236
31 	24    	4.52335	1.98726	0.430438 	9.22236
32 	24    	4.5211 	1.98549	0.430369 	9.2208 
33 	24    	4.51111	1.98086	0.430369 	9.22112
34 	24    	4.50499	1.97629	0.430199 	9.2218 
35 	24    	4.50459	1.97635	0.430369 	9.22342
36 	24    	4.49665	1.97339	0.430116 	9.22342
37 	24    	4.48917	1.97098	0.429963 	9.22205
38 	24    	4.46059	1.95946	0.429876 	9.22218
39 	24    	4.42121	1.94248	0.430043 	9.226  
40 	24    	4.34388	1.90612	0.430116 	9.226  
41 	24    	4.33262	1.90069	0.430092 	9.226  
42 	24    	4.32869	1.89857	0.430636 	9.226  
43 	24    	4.32474	1.89663	0.429955 	9.226  
44 	24    	4.30954	1.88843	0.429955 	9.226  
45 	24    	4.28963	1.87657	0.429955 	9.226  
46 	24    	4.25859	1.85811	0.429506 	9.226  
47 	24    	4.24876	1.85398	0.430237 	9.226  
48 	24    	4.24591	1.86237	0.288593 	9.22499
49 	24    	4.24584	1.86243	0.288593 	9.22499
50 	24    	4.24378	1.8668 	0.287799 	9.22507
51 	24    	4.23626	1.88742	0.287799 	9.22507
52 	24    	4.23011	1.90744	0.287799 	9.22452
53 	24    	4.21616	1.95062	0.287633 	9.22652
54 	24    	4.2041 	1.95263	0.287633 	9.22577
55 	24    	4.19921	1.95574	0.287633 	9.226  
56 	24    	4.19909	1.95587	0.286909 	9.22555
57 	24    	4.19858	1.95528	0.286909 	9.22555
58 	24    	4.19804	1.95457	0.286909 	9.22555
59 	24    	4.19532	1.95087	0.286909 	9.22555
60 	24    	4.19493	1.95015	0.286909 	9.22555
61 	24    	4.19286	1.94638	0.287633 	9.22684
62 	24    	4.18831	1.93914	0.28743  	9.22711
63 	24    	4.18498	1.93477	0.28743  	9.22497
64 	24    	4.17963	1.92888	0.28743  	9.22552
65 	24    	4.17402	1.92186	0.288237 	9.22552
66 	24    	4.16394	1.90955	0.28872  	9.22552
67 	24    	4.15572	1.90071	0.287409 	9.2259 
68 	24    	4.15362	1.89889	0.28792  	9.2259 
69 	24    	4.15193	1.89802	0.287904 	9.2259 
70 	24    	4.1499 	1.89686	0.287797 	9.2245 
71 	24    	4.14723	1.89498	0.287797 	9.2245 
72 	24    	4.14331	1.89219	0.287662 	9.22657
73 	24    	4.13852	1.88944	0.287662 	9.22657
74 	24    	4.13532	1.88732	0.287662 	9.22657
75 	24    	4.13201	1.88537	0.288556 	9.22504
76 	24    	4.12516	1.88066	0.288384 	9.22504
77 	24    	4.11756	1.87394	0.286574 	9.22504
78 	24    	4.11426	1.87171	0.286574 	9.22504
79 	24    	4.11353	1.87149	0.286574 	9.22519
80 	24    	4.11252	1.87259	0.286574 	9.22618
81 	24    	4.1102 	1.87506	0.0786955	9.22618
82 	24    	4.10905	1.87641	0.0786955	9.22562
83 	24    	4.10785	1.87788	0.0786955	9.22562
84 	24    	4.10413	1.88718	0.0772767	9.22486
85 	24    	4.09841	1.90275	0.0772767	9.22583
86 	24    	4.09201	1.90605	0.0772767	9.22569
87 	24    	4.08792	1.90516	0.0772767	9.22472
88 	24    	4.08759	1.90506	0.0772767	9.22388
89 	24    	4.08726	1.905  	0.0772767	9.2236 
90 	24    	4.087  	1.90496	0.0771544	9.22317
91 	24    	4.08687	1.90491	0.0771544	9.22285
92 	24    	4.08589	1.90447	0.0771544	9.22266
93 	24    	4.08496	1.90404	0.0771544	9.22266
94 	24    	4.08319	1.90339	0.0771544	9.22455
95 	24    	4.07903	1.90158	0.0771544	9.22455
96 	24    	4.07594	1.90014	0.0774636	9.22649
97 	24    	4.07004	1.8976 	0.0771368	9.22649
98 	24    	4.05269	1.8897 	0.0771368	9.22649
99 	24    	4.04721	1.88699	0.0771368	9.22649
100	24    	4.03552	1.8808 	0.0776452	9.22649
101	24    	4.03248	1.87918	0.0767601	9.22579
102	24    	4.03232	1.87919	0.0767601	9.22421
103	24    	4.03057	1.87863	0.0771724	9.31109
104	24    	4.0305 	1.87858	0.076956 	9.31109
105	24    	4.0299 	1.87758	0.076956 	9.31109
106	24    	4.02904	1.87484	0.076956 	9.31109
107	24    	4.02849	1.87384	0.0771724	9.31109
108	24    	4.02723	1.87106	0.0771724	9.31109
109	24    	4.02401	1.86784	0.0766094	9.31109
110	24    	4.01779	1.86164	0.0766094	9.31309
111	24    	4.01174	1.86448	0.0766094	9.31885
112	24    	4.00793	1.86876	0.0766094	9.31885
113	24    	4.00451	1.87194	0.0766094	9.31903
114	24    	3.99976	1.87799	0.0763011	9.31903
115	24    	3.99773	1.88416	0.0763011	9.31903
116	24    	3.99585	1.88444	0.0763212	9.31903
117	24    	3.99057	1.88687	0.0763212	9.32016
118	24    	3.98911	1.88739	0.0763212	9.32016
119	24    	3.98162	1.89088	0.0763212	9.32016
120	24    	3.97036	1.89616	0.0765159	9.32016
--- 20163.71681380272 seconds ---
ran GA
