preds
RHEB
['CRTC2', 'STK11', 'PDPK1']
preds
TSC2
['MCL1', 'TSC1', 'FOXO3']
preds
TSC1
['PIK3AP1', 'TSC2', 'PTEN']
preds
PDPK1
['IRS1', 'RAC1', 'BCL2L1']
preds
PTEN
['MDM2', 'BCL2', 'MYB']
preds
IRS1
['PDPK1', 'PTK2', 'CRTC2']
preds
GSK3B
['NR4A1', 'FOXO3', 'THEM4']
preds
CDKN1B
['THEM4', 'NR4A1', 'FOXO3']
preds
FOXO3
['DDIT4', 'CCND1', 'NOS3']
preds
BAD
['PDPK1', 'CRTC2', 'GRB2']
preds
MDM2
['PTEN', 'NOS3', 'THEM4']
preds
BCL2L1
['IRS1', 'RAC1', 'PDPK1']
preds
GRB2
['CDC37', 'CRTC2', 'PDPK1']
preds
THEM4
['CDKN1B', 'NR4A1', 'GSK3B']
preds
CDC37
['GRB2', 'RAC1', 'IRS1']
preds
NOS3
['FOXO3', 'BCL2', 'MDM2']
preds
CRTC2
['IRS1', 'RAC1', 'RHEB']
preds
CDKN1A
['THEM4', 'PTEN', 'TSC1']
preds
CASP9
['RAC1', 'PDPK1', 'CRTC2']
preds
RAF1
['PTK2', 'GRB2', 'PDPK1']
preds
CD19
['SYK', 'BCL2L1', 'IRS1']
preds
PTK2
['IRS1', 'PDPK1', 'BAD']
preds
RAC1
['BCL2L1', 'CRTC2', 'IRS1']
preds
BRCA1
['CRTC2', 'CDC37', 'GRB2']
preds
BCL2
['PTEN', 'NOS3', 'MYB']
preds
MCL1
['TSC2', 'MYC', 'PIK3AP1']
preds
MYB
['PTEN', 'BCL2', 'FOXO3']
preds
PIK3AP1
['TSC1', 'MCL1', 'MYB']
preds
NR4A1
['CDKN1B', 'THEM4', 'GSK3B']
gen	nevals	avg    	std   	min       	max    
0  	24    	8.77587	5.4844	0.00104656	24.3127
1  	24    	7.73191	5.16944	0.00104656	21.7352
2  	24    	7.06155	4.72586	0.039313  	21.7352
3  	24    	6.55105	4.46818	0.039313  	21.7352
4  	24    	6.29776	4.27783	0.039313  	21.7352
5  	24    	6.17171	4.18907	0.215901  	21.7352
6  	24    	6.02385	4.03994	0.215901  	21.7352
7  	24    	5.93854	4.12784	0.270131  	21.7352
8  	24    	5.85399	3.96016	0.222566  	19.4221
9  	24    	5.77701	3.80603	0.0796001 	21.7347
10 	24    	5.67285	3.79654	0.0796001 	21.735 
11 	24    	5.45334	3.57363	0.0663529 	18.3   
12 	24    	5.14158	3.43986	0.065359  	18.1595
13 	24    	5.01569	3.31695	0.0581448 	18.0112
14 	24    	4.95347	3.27445	0.0581448 	18.0112
15 	24    	4.92115	3.11102	0.0561372 	18.0112
16 	24    	4.89435	3.14447	0.0581448 	18.0112
17 	24    	4.88935	3.13195	0.0581448 	18.0112
18 	24    	4.88391	3.12936	0.0581448 	18.0112
19 	24    	4.87179	3.1236 	0.0581448 	18.0112
20 	24    	4.86422	3.17415	0.0623142 	18.0112
21 	24    	4.86305	3.17281	0.0623142 	18.0112
22 	24    	4.86236	3.17271	0.0619918 	18.0112
23 	24    	4.85763	3.17657	0.0619918 	18.0112
24 	24    	4.85763	3.17657	0.0619918 	18.0112
25 	24    	4.85301	3.17947	0.0619918 	18.0112
26 	24    	4.84785	3.18274	0.0619918 	18.0112
27 	24    	4.82789	3.1932 	0.0619918 	18.0112
28 	24    	4.79478	3.21421	0.0617822 	18.0112
29 	24    	4.75403	3.25732	0.0617822 	18.0112
30 	24    	4.75245	3.25712	0.0634023 	18.0112
31 	24    	4.75175	3.25607	0.0634023 	18.0112
32 	24    	4.75124	3.25624	0.062772  	18.0112
33 	24    	4.75112	3.25617	0.0626506 	18.0112
34 	24    	4.75103	3.25622	0.0632044 	18.0112
35 	24    	4.75068	3.25609	0.0632044 	18.0112
36 	24    	4.74414	3.25909	0.0632044 	18.0112
37 	24    	4.72756	3.26582	0.0631377 	18.0112
38 	24    	4.70441	3.27511	0.0623356 	18.0112
39 	24    	4.63922	3.30278	0.0623356 	18.0112
40 	24    	4.59645	3.32692	0.0630004 	18.0112
41 	24    	4.59544	3.32685	0.0630004 	18.0112
42 	24    	4.5901 	3.31251	0.0630004 	18.0112
43 	24    	4.57863	3.30533	0.0630004 	18.0112
44 	24    	4.56489	3.29733	0.0630004 	18.0112
45 	24    	4.54351	3.29349	0.063982  	18.0112
46 	24    	4.53   	3.34349	0.0629744 	18.0112
47 	24    	4.52741	3.33725	0.0621646 	18.0112
48 	24    	4.52371	3.30886	0.0607662 	18.0112
49 	24    	4.51899	3.30997	0.0634155 	18.0112
50 	24    	4.51425	3.27496	0.0634155 	18.0112
51 	24    	4.50902	3.24248	0.0630534 	18.0112
52 	24    	4.50541	3.23142	0.0627936 	17.569 
53 	24    	4.50248	3.2328 	0.0616603 	17.569 
54 	24    	4.49807	3.24421	0.0616603 	17.5584
55 	24    	4.49543	3.24718	0.0623044 	17.5701
56 	24    	4.49496	3.24581	0.0623044 	17.5534
57 	24    	4.49408	3.24626	0.0623044 	17.5534
58 	24    	4.49329	3.24604	0.0623044 	17.5534
59 	24    	4.48956	3.24662	0.0623044 	17.5534
60 	24    	4.48424	3.24953	0.0623044 	17.5609
61 	24    	4.48224	3.25204	0.0623044 	17.5709
62 	24    	4.47455	3.25868	0.0658638 	17.5936
63 	24    	4.45614	3.25902	0.0658638 	17.5639
64 	24    	4.41785	3.26264	0.0653437 	17.5685
65 	24    	4.39692	3.26597	0.16515   	17.5639
66 	24    	4.39629	3.26481	0.16523   	17.5573
67 	24    	4.39592	3.26421	0.165422  	17.555 
68 	24    	4.3959 	3.26398	0.165422  	17.5542
69 	24    	4.3956 	3.26457	0.165422  	17.556 
70 	24    	4.39538	3.2661 	0.165286  	17.556 
71 	24    	4.39517	3.26637	0.165286  	17.5595
72 	24    	4.39469	3.26686	0.165265  	17.5595
73 	24    	4.39431	3.26927	0.165265  	17.5648
74 	24    	4.39383	3.26974	0.165265  	17.5648
75 	24    	4.39097	3.26756	0.165265  	17.5648
76 	24    	4.39033	3.26785	0.164749  	17.5648
77 	24    	4.38293	3.26023	0.164749  	17.5587
78 	24    	4.37611	3.25412	0.164186  	17.5848
79 	24    	4.37391	3.25102	0.166139  	17.5597
80 	24    	4.35947	3.2374 	0.166042  	17.5697
81 	24    	4.34831	3.22714	0.164772  	17.5697
82 	24    	4.33157	3.21375	0.164772  	17.5705
83 	24    	4.32956	3.21198	0.164772  	17.5833
84 	24    	4.32564	3.21108	0.165469  	17.6102
85 	24    	4.32084	3.2077 	0.165558  	17.57  
86 	24    	4.31954	3.20613	0.165558  	17.5742
87 	24    	4.31695	3.20283	0.165558  	17.5742
88 	24    	4.31442	3.20195	0.165558  	17.5654
89 	24    	4.31032	3.19961	0.165558  	17.5705
90 	24    	4.30939	3.19984	0.165558  	17.5705
91 	24    	4.30904	3.20045	0.164774  	17.5705
92 	24    	4.30845	3.19988	0.164267  	17.5705
93 	24    	4.30713	3.19897	0.164267  	17.5678
94 	24    	4.30531	3.20026	0.164267  	17.5678
95 	24    	4.30413	3.20323	0.164267  	17.5636
96 	24    	4.30209	3.20741	0.164812  	17.5636
97 	24    	4.29998	3.21097	0.165819  	17.5645
98 	24    	4.29888	3.21393	0.165819  	17.5645
99 	24    	4.29435	3.20435	0.162826  	17.5723
100	24    	4.29163	3.21166	0.162826  	17.5764
101	24    	4.28769	3.16939	0.162826  	17.5771
102	24    	4.28428	3.12511	0.162826  	17.5764
103	24    	4.27812	2.99156	0.162696  	17.58  
104	24    	4.2677 	3.01104	0.162696  	17.58  
105	24    	4.2572 	2.91475	0.162761  	17.5585
106	24    	4.23361	2.74599	0.162746  	17.5914
107	24    	4.1928 	2.68082	0.162325  	17.5338
108	24    	4.15665	2.65579	0.162237  	17.5338
109	24    	4.13043	2.63572	0.162237  	17.5338
110	24    	4.09421	2.6333 	0.162237  	17.5338
111	24    	4.07327	2.613  	0.162237  	10.1477
112	24    	4.06276	2.63445	0.163939  	10.1477
113	24    	4.0549 	2.63671	0.163939  	10.1477
114	24    	4.04323	2.63357	0.163939  	10.1477
115	24    	4.02514	2.62571	0.165795  	10.1272
116	24    	4.00345	2.61738	0.165777  	10.1272
117	24    	3.98483	2.6036 	0.16504   	10.1272
118	24    	3.96419	2.57044	0.16504   	10.1137
119	24    	3.93051	2.51393	0.165166  	12.0234
120	24    	3.88357	2.43181	0.165166  	10.1115
--- 14963.099864721298 seconds ---
ran GA
