preds
ARNT
['EP300', 'EIF4E', 'PDK1']
preds
EP300
['ARNT', 'TF', 'TFRC']
preds
HIF1A
['NOS3', 'BCL2', 'TLR4']
gen	nevals	avg    	std    	min     	max    
0  	24    	6.73357	4.38304	0.315419	20.7127
1  	24    	5.66942	3.17958	0.23941 	19.9039
2  	24    	5.29523	2.79897	0.23941 	19.9039
3  	24    	5.04719	2.22697	0.239865	16.7926
4  	24    	4.93394	1.94639	0.275291	12.636 
5  	24    	4.86432	1.98308	0.275291	12.636 
6  	24    	4.76752	2.03274	0.275291	13.6115
7  	24    	4.6745 	1.95036	0.269626	10.9578
8  	24    	4.593  	1.95435	0.507006	10.9578
9  	24    	4.5109 	1.92753	0.662225	8.13854
10 	24    	4.48956	1.94243	0.721587	8.13854
11 	24    	4.48669	1.94851	0.721619	8.13854
12 	24    	4.48305	1.96135	0.721603	8.13854
13 	24    	4.47486	1.99675	0.721463	8.13854
14 	24    	4.45902	2.06513	0.72153 	8.13899
15 	24    	4.45127	2.08217	0.721339	7.40268
16 	24    	4.45036	2.08243	0.72153 	7.40535
17 	24    	4.44986	2.08169	0.720944	7.40535
18 	24    	4.44978	2.0817 	0.720944	7.39752
19 	24    	4.44958	2.08184	0.720944	7.39752
20 	24    	4.44951	2.08182	0.72153 	7.39752
21 	24    	4.4495 	2.08179	0.72153 	7.39752
22 	24    	4.44943	2.08179	0.72153 	7.39752
23 	24    	4.44926	2.08199	0.721445	7.39838
24 	24    	4.44924	2.08219	0.721083	7.39838
25 	24    	4.44918	2.082  	0.721083	7.39838
26 	24    	4.44908	2.08229	0.720716	7.39838
27 	24    	4.44908	2.08236	0.720716	7.39838
28 	24    	4.44893	2.08172	0.720716	7.39838
29 	24    	4.4489 	2.08162	0.720716	7.39838
30 	24    	4.4489 	2.08162	0.720716	7.39838
31 	24    	4.4489 	2.08157	0.720716	7.39838
32 	24    	4.44888	2.08166	0.720716	7.39838
33 	24    	4.44888	2.08166	0.720716	7.39838
34 	24    	4.44888	2.08166	0.720716	7.39838
35 	24    	4.44888	2.08166	0.720716	7.39838
36 	24    	4.44884	2.08165	0.720716	7.39838
37 	24    	4.4488 	2.08167	0.720716	7.39838
38 	24    	4.44876	2.0817 	0.720716	7.39838
39 	24    	4.44871	2.08166	0.720716	7.39838
40 	24    	4.44871	2.08166	0.720716	7.39838
41 	24    	4.44871	2.08166	0.720716	7.39838
42 	24    	4.44866	2.08158	0.720716	7.39838
43 	24    	4.44858	2.08171	0.719674	7.39838
44 	24    	4.44244	2.07988	0.532917	7.72495
45 	24    	4.42861	2.07566	0.53207 	7.75328
46 	24    	4.41483	2.07066	0.527754	7.75328
47 	24    	4.39125	2.0673 	0.527754	9.72887
48 	24    	4.36132	2.05543	0.527751	9.72887
49 	24    	4.34925	2.04715	0.520494	7.74732
50 	24    	4.34638	2.04561	0.525002	7.744  
51 	24    	4.34451	2.04363	0.525002	7.744  
52 	24    	4.33738	2.03307	0.525002	7.73788
53 	24    	4.32641	2.01639	0.521802	7.73662
54 	24    	4.31461	2.00026	0.521802	7.73798
55 	24    	4.31344	1.9995 	0.521802	7.73722
56 	24    	4.31237	2.00006	0.521802	7.73722
57 	24    	4.3115 	1.99983	0.521802	7.73722
58 	24    	4.3109 	2.00001	0.521047	7.73722
59 	24    	4.30567	1.99399	0.351738	7.73722
60 	24    	4.3004 	1.98776	0.351738	7.73722
61 	24    	4.29057	1.97606	0.347202	7.73722
62 	24    	4.28035	1.96348	0.347202	7.7338 
63 	24    	4.25365	1.93115	0.347202	7.73061
64 	24    	4.20951	1.87549	0.346583	7.71458
65 	24    	4.19117	1.84641	0.347202	6.90444
66 	24    	4.18959	1.84673	0.34177 	6.90444
67 	24    	4.18927	1.84677	0.34177 	6.89015
68 	24    	4.18836	1.84672	0.34177 	6.89536
69 	24    	4.18386	1.84531	0.34177 	6.88875
70 	24    	4.18123	1.84369	0.336342	6.90864
71 	24    	4.17317	1.84135	0.335685	6.90864
72 	24    	4.16704	1.8392 	0.335685	6.90864
73 	24    	4.16552	1.83859	0.344191	6.90231
74 	24    	4.15909	1.83876	0.343311	6.90231
75 	24    	4.14752	1.83671	0.343311	6.90231
76 	24    	4.12237	1.83205	0.33801 	6.90231
77 	24    	4.11132	1.82834	0.33801 	6.89814
78 	24    	4.10876	1.82876	0.29618 	7.07118
79 	24    	4.10689	1.82941	0.29618 	7.07118
80 	24    	4.10498	1.83236	0.293331	7.07791
81 	24    	4.10237	1.83825	0.292795	7.15151
82 	24    	4.1022 	1.83828	0.292795	7.15151
83 	24    	4.10114	1.84588	0.292795	7.15151
84 	24    	4.09968	1.85279	0.292795	7.15151
85 	24    	4.09845	1.86244	0.292795	7.21079
86 	24    	4.09674	1.87471	0.290066	7.21079
87 	24    	4.0956 	1.88219	0.290066	7.21079
88 	24    	4.09458	1.88714	0.290066	7.21079
89 	24    	4.09401	1.88693	0.292795	7.20894
90 	24    	4.09337	1.88697	0.292795	7.20894
91 	24    	4.09306	1.88725	0.292795	7.20894
92 	24    	4.09286	1.88735	0.292795	7.20894
93 	24    	4.09272	1.88735	0.284846	7.20894
94 	24    	4.09234	1.88731	0.284157	7.20894
95 	24    	4.09184	1.88732	0.284157	7.20894
96 	24    	4.09177	1.8873 	0.284157	7.20894
97 	24    	4.09168	1.88733	0.284157	7.20894
98 	24    	4.09158	1.88722	0.284157	7.20894
99 	24    	4.09152	1.88735	0.284157	7.20894
100	24    	4.09144	1.88758	0.284157	7.20894
101	24    	4.09132	1.88754	0.284157	7.20894
102	24    	4.09132	1.88754	0.284157	7.20894
103	24    	4.09125	1.88759	0.284157	7.20894
104	24    	4.09124	1.88757	0.284157	7.20894
105	24    	4.08791	1.88721	0.284157	7.20894
106	24    	4.08095	1.88613	0.284157	7.20894
107	24    	4.07743	1.88553	0.284157	7.20894
108	24    	4.06442	1.88227	0.284157	7.18997
109	24    	4.04957	1.87543	0.285012	7.17724
110	24    	4.02107	1.86606	0.284832	7.15902
111	24    	4.00837	1.87404	0.493212	7.15902
112	24    	4.00735	1.87367	0.493212	7.13089
113	24    	4.00384	1.87066	0.48365 	7.20784
114	24    	4.00337	1.8703 	0.48365 	7.20784
115	24    	3.99995	1.86725	0.479157	7.20784
116	24    	3.99657	1.86421	0.478627	7.20784
117	24    	3.99321	1.86168	0.478627	7.22072
118	24    	3.98995	1.85897	0.476114	7.22072
119	24    	3.98675	1.85585	0.476114	7.22072
120	24    	3.98037	1.84973	0.475491	7.22072
--- 7018.212340354919 seconds ---
ran GA
