slurmstepd: error: task/cgroup: unable to add task[pid=11627] to memory cg '(null)'
preds
RHEB
['CRTC2', 'IRS1', 'BAD']
preds
TSC2
['PIK3AP1', 'DDIT4', 'PTEN']
preds
TSC1
['MCL1', 'PIK3AP1', 'BCL2']
preds
PDPK1
['IRS1', 'CRTC2', 'RAC1']
preds
PTEN
['MDM2', 'BCL2', 'GSK3B']
preds
IRS1
['PDPK1', 'PTK2', 'CRTC2']
preds
GSK3B
['PTEN', 'CDKN1B', 'FOXO3']
preds
CDKN1B
['THEM4', 'PTEN', 'GSK3B']
preds
FOXO3
['THEM4', 'NOS3', 'GSK3B']
preds
BAD
['RAC1', 'GRB2', 'IRS1']
preds
MDM2
['PTEN', 'MYB', 'BCL2']
preds
BCL2L1
['IRS1', 'RAC1', 'CDC37']
preds
GRB2
['CDC37', 'BCL2L1', 'PTK2']
preds
THEM4
['CDKN1B', 'FOXO3', 'NOS3']
preds
CDC37
['BCL2L1', 'GRB2', 'RAC1']
preds
NOS3
['THEM4', 'FOXO3', 'PTEN']
preds
CRTC2
['IRS1', 'RAC1', 'PTK2']
preds
CDKN1A
['THEM4', 'PTEN', 'MDM2']
preds
CASP9
['BCL2L1', 'PTK2', 'RAC1']
preds
RAF1
['BRCA1', 'GRB2', 'CDC37']
preds
CD19
['CDC37', 'GRB2', 'PDPK1']
preds
PTK2
['IRS1', 'STK11', 'CRTC2']
preds
RAC1
['BCL2L1', 'CRTC2', 'PDPK1']
preds
BRCA1
['CRTC2', 'CDC37', 'PDPK1']
preds
BCL2
['PTEN', 'MDM2', 'THEM4']
preds
MCL1
['TSC1', 'PIK3AP1', 'PTEN']
preds
MYB
['MDM2', 'PTEN', 'CCND1']
preds
PIK3AP1
['TSC1', 'MCL1', 'TSC2']
preds
NR4A1
['THEM4', 'PTEN', 'PIK3AP1']
gen	nevals	avg    	std    	min    	max    
0  	24    	7.91183	5.10835	0.17761	21.7352
1  	24    	6.73014	4.33301	0.0684761	21.651 
2  	24    	6.47784	4.0494 	0.00239441	26.3051
3  	24    	6.32165	3.82729	0.00239441	26.3051
4  	24    	6.10743	3.75916	0.00239441	26.3051
5  	24    	5.84132	3.53008	0.00231584	26.508 
6  	24    	5.53214	3.43541	0.177502  	19.9039
7  	24    	5.40291	3.23575	0.292368  	19.9039
8  	24    	5.31607	2.94251	0.328353  	19.9039
9  	24    	5.24145	2.97292	0.328353  	19.9039
10 	24    	5.14767	2.47526	0.328353  	18.0208
11 	24    	5.04339	2.30508	0.326587  	18.01  
12 	24    	4.99842	2.20863	0.338911  	18.01  
13 	24    	4.93848	1.99469	0.338911  	12.1642
14 	24    	4.92535	1.956  	0.623063  	12.1642
15 	24    	4.9044 	1.96124	0.623063  	12.1644
16 	24    	4.88989	1.96267	0.623063  	12.1644
17 	24    	4.85456	1.97296	0.623063  	12.1639
18 	24    	4.82216	1.97998	0.623606  	12.1639
19 	24    	4.78154	1.93075	1.32509   	12.1647
20 	24    	4.78114	1.93086	1.32509   	12.1646
21 	24    	4.77976	1.94619	0.459931  	12.1646
22 	24    	4.77843	1.96142	0.459931  	12.1647
23 	24    	4.77221	1.96281	0.459931  	12.1647
24 	24    	4.77122	1.96196	0.459931  	12.1647
25 	24    	4.76915	1.97622	0.459931  	12.1647
26 	24    	4.75332	2.04414	0.459931  	12.1639
27 	24    	4.7181 	2.13341	0.459931  	12.165 
28 	24    	4.6835 	2.20695	0.459931  	12.165 
29 	24    	4.62003	2.16396	0.459931  	12.165 
30 	24    	4.53342	2.14923	0.508227  	12.165 
31 	24    	4.52006	2.15052	0.512265  	12.165 
32 	24    	4.49561	2.14852	0.509768  	12.165 
33 	24    	4.48532	2.14809	0.506872  	12.165 
34 	24    	4.43663	2.14053	0.501342  	12.165 
35 	24    	4.39826	2.11577	0.506221  	12.166 
36 	24    	4.36202	2.10121	0.506872  	12.165 
37 	24    	4.34198	2.09483	0.506872  	12.1648
38 	24    	4.32376	2.07393	0.508678  	12.1664
39 	24    	4.31903	2.05125	0.504183  	12.1664
40 	24    	4.30178	2.01078	0.507176  	12.1648
41 	24    	4.28233	2.0134 	0.507176  	12.164 
42 	24    	4.26919	2.01529	0.507176  	12.1646
43 	24    	4.26904	2.01525	0.507312  	12.1649
44 	24    	4.26893	2.01511	0.508816  	12.1651
45 	24    	4.26884	2.01542	0.508816  	12.1651
46 	24    	4.2688 	2.01536	0.508816  	12.1651
47 	24    	4.26871	2.01552	0.484239  	12.1658
48 	24    	4.26865	2.01576	0.484239  	12.1661
49 	24    	4.26656	2.0174 	0.484239  	12.1661
50 	24    	4.26442	2.01897	0.484239  	12.1779
51 	24    	4.25901	2.0229 	0.484239  	12.1779
52 	24    	4.25314	2.02652	0.485677  	12.1779
53 	24    	4.24437	2.03268	0.485677  	12.1784
54 	24    	4.22919	2.04306	0.485677  	12.1784
55 	24    	4.22268	2.04928	0.483254  	12.1793
56 	24    	4.21926	2.05297	0.483254  	12.1651
57 	24    	4.21897	2.0532 	0.481865  	12.1798
58 	24    	4.21889	2.05347	0.48145   	12.1798
59 	24    	4.21783	2.05714	0.146419  	12.18  
60 	24    	4.21652	2.06154	0.142074  	12.18  
61 	24    	4.21535	2.06525	0.142074  	12.18  
62 	24    	4.21441	2.06616	0.142074  	12.1805
63 	24    	4.21373	2.06788	0.142074  	12.1805
64 	24    	4.21154	2.07693	0.142074  	12.1805
65 	24    	4.20689	2.09563	0.142074  	12.18  
66 	24    	4.20378	2.10943	0.140285  	12.18  
67 	24    	4.19916	2.13326	0.140285  	12.1798
68 	24    	4.19725	2.13691	0.14335   	12.18  
69 	24    	4.19636	2.13874	0.143973  	12.18  
70 	24    	4.19462	2.14265	0.142305  	12.18  
71 	24    	4.1925 	2.14864	0.142305  	12.18  
72 	24    	4.18958	2.15408	0.142305  	12.1799
73 	24    	4.18886	2.15437	0.143973  	12.1803
74 	24    	4.18216	2.13861	0.143973  	12.1803
75 	24    	4.17551	2.12284	0.143973  	12.1803
76 	24    	4.16273	2.07788	0.143973  	12.1807
77 	24    	4.14327	1.98717	0.145181  	12.1807
78 	24    	4.11306	1.8566 	0.143497  	12.18  
79 	24    	4.04759	1.74416	0.144414  	12.1795
80 	24    	4.04116	1.7251 	0.143227  	7.52996
81 	24    	4.03914	1.72449	0.143227  	7.52996
82 	24    	4.03622	1.72333	0.14439   	7.52909
83 	24    	4.03446	1.72293	0.14439   	7.52909
84 	24    	4.03121	1.72167	0.14439   	7.52861
85 	24    	4.02609	1.71907	0.143574  	7.52861
86 	24    	4.01906	1.71596	0.142922  	7.52861
87 	24    	4.00685	1.70966	0.142922  	7.52969
88 	24    	4.00065	1.70701	0.142922  	7.52969
89 	24    	3.9943 	1.70403	0.142495  	7.52969
90 	24    	3.98774	1.69951	0.142495  	7.52969
91 	24    	3.98065	1.69698	0.142495  	7.52969
92 	24    	3.97954	1.69699	0.142495  	7.5466 
93 	24    	3.97447	1.69708	0.14295   	7.53053
94 	24    	3.97012	1.69863	0.14295   	7.53121
95 	24    	3.96399	1.69798	0.142284  	7.53121
96 	24    	3.95992	1.69497	0.141291  	6.99079
97 	24    	3.95684	1.68904	0.141291  	6.98906
98 	24    	3.95453	1.68573	0.144397  	6.98771
99 	24    	3.95227	1.68287	0.14121   	6.98944
100	24    	3.94833	1.67721	0.14121   	6.99089
101	24    	3.94269	1.66758	0.14121   	6.99089
102	24    	3.93973	1.66553	0.143967  	6.98587
103	24    	3.93892	1.66571	0.144162  	6.98713
104	24    	3.93782	1.66575	0.144162  	6.98713
105	24    	3.93641	1.66543	0.14239   	6.98756
106	24    	3.93413	1.66537	0.14239   	6.98756
107	24    	3.93142	1.66538	0.142198  	6.98756
108	24    	3.92653	1.66506	0.142198  	6.98756
109	24    	3.92143	1.66523	0.143197  	6.98756
110	24    	3.91921	1.66533	0.143275  	6.98756
111	24    	3.91714	1.66537	0.143275  	6.98462
112	24    	3.91698	1.66528	0.143275  	6.98462
113	24    	3.91673	1.66528	0.142447  	6.98462
114	24    	3.91466	1.66506	0.143477  	6.98246
115	24    	3.91456	1.665  	0.144245  	6.988  
116	24    	3.91367	1.66517	0.144245  	6.98905
117	24    	3.91196	1.66521	0.144245  	6.9905 
118	24    	3.90431	1.66523	0.142029  	6.98905
119	24    	3.8965 	1.66546	0.142029  	6.98876
120	24    	3.88584	1.66525	0.142029  	6.98876
--- 17948.8003282547 seconds ---
ran GA
