slurmstepd: error: task/cgroup: unable to add task[pid=36077] to memory cg '(null)'
preds
RHEB
['CASP9', 'IRS1', 'TSC1']
preds
TSC2
['FOXO3', 'DDIT4', 'THEM4']
preds
TSC1
['PIK3AP1', 'BCL2', 'CDKN1B']
preds
PDPK1
['IRS1', 'RAC1', 'BCL2L1']
preds
PTEN
['BCL2', 'GSK3B', 'NOS3']
preds
IRS1
['PDPK1', 'CRTC2', 'BCL2L1']
preds
GSK3B
['MYB', 'MDM2', 'PTEN']
preds
CDKN1B
['THEM4', 'NR4A1', 'BCL2']
preds
FOXO3
['CCND1', 'NR4A1', 'NOS3']
preds
BAD
['CRTC2', 'BRCA1', 'PTK2']
preds
MDM2
['GSK3B', 'FOXO3', 'MCL1']
preds
BCL2L1
['IRS1', 'RAC1', 'PTK2']
preds
GRB2
['CDC37', 'BCL2L1', 'CASP9']
preds
THEM4
['CDKN1B', 'BCL2', 'CDKN1A']
preds
CDC37
['CASP9', 'GRB2', 'RAC1']
preds
NOS3
['GSK3B', 'FOXO3', 'PTEN']
preds
CRTC2
['IRS1', 'RAC1', 'PTK2']
preds
CDKN1A
['THEM4', 'PTEN', 'FOXO3']
preds
CASP9
['CDC37', 'BCL2L1', 'GRB2']
preds
RAF1
['CRTC2', 'SYK', 'IRS1']
preds
CD19
['CDC37', 'GRB2', 'EIF4EBP1']
preds
PTK2
['BCL2L1', 'CRTC2', 'EIF4E']
preds
RAC1
['BCL2L1', 'CRTC2', 'IRS1']
preds
BRCA1
['PTK2', 'CDC37', 'IRS1']
preds
BCL2
['PTEN', 'CDKN1B', 'THEM4']
preds
MCL1
['PIK3AP1', 'MDM2', 'NR4A1']
preds
MYB
['GSK3B', 'BCL2', 'THEM4']
preds
PIK3AP1
['TSC1', 'MCL1', 'MYB']
preds
NR4A1
['CDKN1B', 'FOXO3', 'GSK3B']
gen	nevals	avg    	std    	min    	max    
0  	24    	8.24458	5.34656	0.23173	21.7352
1  	24    	7.29848	4.82499	0.191299	21.7352
2  	24    	6.86039	4.6178 	0.273912	23.7272
3  	24    	6.51633	4.29341	0.273912	23.7272
4  	24    	6.36516	4.08881	0.00459806	21.6117
5  	24    	6.1306 	3.81734	0.25128   	21.6117
6  	24    	6.0472 	3.74661	0.25128   	21.6117
7  	24    	5.94906	3.66249	0.271301  	21.6117
8  	24    	5.88839	3.70971	0.271301  	21.6117
9  	24    	5.79735	3.76296	0.227573  	21.6117
10 	24    	5.71193	3.69455	0.15415   	21.6117
11 	24    	5.57343	3.51501	0.15415   	21.6117
12 	24    	5.50257	3.43494	0.156044  	21.6117
13 	24    	5.43393	3.4186 	0.154987  	21.6117
14 	24    	5.36216	3.39666	0.154987  	21.6117
15 	24    	5.27075	3.30764	0.154055  	21.6117
16 	24    	5.20755	3.02254	0.154055  	18.0462
17 	24    	5.14582	2.73993	0.154055  	18.0462
18 	24    	5.07382	2.66095	0.154055  	18.0462
19 	24    	5.012  	2.71557	0.310185  	18.0462
20 	24    	4.93434	2.76417	0.335286  	18.0462
21 	24    	4.88464	2.51316	0.154655  	18.0462
22 	24    	4.83839	2.51846	0.154655  	18.0462
23 	24    	4.79806	2.49204	0.145749  	18.0462
24 	24    	4.73819	2.36317	0.124932  	11.8566
25 	24    	4.68235	2.37061	0.124932  	11.8454
26 	24    	4.6214 	2.39223	0.124932  	11.8537
27 	24    	4.58249	2.38095	0.123909  	11.8537
28 	24    	4.50307	2.3228 	0.123909  	11.8537
29 	24    	4.47284	2.28606	0.122602  	11.824 
30 	24    	4.47039	2.28643	0.122602  	11.824 
31 	24    	4.4572 	2.27655	0.122498  	11.824 
32 	24    	4.42562	2.24254	0.123692  	11.824 
33 	24    	4.3813 	2.19389	0.123692  	11.7925
34 	24    	4.33214	2.14995	0.12378   	9.52221
35 	24    	4.31445	2.11439	0.0790338 	9.51855
36 	24    	4.30939	2.10744	0.0790338 	9.51886
37 	24    	4.28506	2.08417	0.0790338 	9.51985
38 	24    	4.25245	2.05635	0.0783838 	9.51818
39 	24    	4.23174	2.05118	0.0783838 	9.52029
40 	24    	4.2027 	1.97248	0.0792248 	9.0902 
41 	24    	4.18807	1.9626 	0.0792248 	9.09455
42 	24    	4.17525	1.96223	0.078757  	9.09455
43 	24    	4.16636	1.9714 	0.078757  	9.09455
44 	24    	4.1506 	1.97962	0.078757  	9.09455
45 	24    	4.13544	1.98614	0.078757  	9.09455
46 	24    	4.11794	1.97774	0.0775005 	9.09273
47 	24    	4.11167	1.97174	0.0775005 	9.09079
48 	24    	4.1063 	1.96451	0.0777571 	9.07943
49 	24    	4.1054 	1.96471	0.0777571 	9.07991
50 	24    	4.1038 	1.96445	0.0777571 	9.07991
51 	24    	4.10116	1.9638 	0.0769123 	9.07991
52 	24    	4.09547	1.96159	0.0769123 	9.07957
53 	24    	4.08794	1.95862	0.0769123 	9.07957
54 	24    	4.07882	1.95486	0.076897  	9.07935
55 	24    	4.07785	1.95524	0.076897  	9.08073
56 	24    	4.07763	1.95524	0.076897  	9.08073
57 	24    	4.07743	1.95524	0.076897  	9.08073
58 	24    	4.07724	1.95541	0.076897  	9.08103
59 	24    	4.07723	1.95542	0.076897  	9.08103
60 	24    	4.07673	1.95483	0.076897  	9.08103
61 	24    	4.07594	1.95476	0.076897  	9.09242
62 	24    	4.07514	1.95489	0.076897  	9.0939 
63 	24    	4.07406	1.95502	0.0778449 	9.09455
64 	24    	4.07128	1.95453	0.0773172 	9.09455
65 	24    	4.06904	1.9555 	0.0764349 	9.09455
66 	24    	4.06173	1.94167	0.0764349 	9.0943 
67 	24    	4.053  	1.92493	0.0776926 	9.09414
68 	24    	4.03716	1.89879	0.0778421 	9.09467
69 	24    	4.02066	1.86222	0.0778421 	9.09467
70 	24    	4.00031	1.81481	0.0626121 	7.56359
71 	24    	3.99078	1.79752	0.0620507 	7.56359
72 	24    	3.98497	1.79421	0.0612596 	7.59794
73 	24    	3.97998	1.78825	0.0612596 	7.59794
74 	24    	3.97698	1.78476	0.163575  	7.59794
75 	24    	3.97633	1.78503	0.163575  	7.59794
76 	24    	3.97296	1.78477	0.163575  	7.59859
77 	24    	3.97256	1.78554	0.160753  	7.73455
78 	24    	3.96399	1.78405	0.160753  	7.73455
79 	24    	3.95007	1.78227	0.163391  	7.73455
80 	24    	3.9281 	1.77877	0.163391  	7.73455
81 	24    	3.9101 	1.77504	0.160803  	7.60252
82 	24    	3.90796	1.77556	0.160803  	7.60277
83 	24    	3.90449	1.77652	0.160803  	7.60252
84 	24    	3.89875	1.77824	0.159801  	7.60252
85 	24    	3.88898	1.78244	0.160803  	7.60329
86 	24    	3.88343	1.78746	0.160803  	7.60329
87 	24    	3.88092	1.78862	0.160803  	7.60329
88 	24    	3.87894	1.78962	0.160803  	7.60496
89 	24    	3.87813	1.78962	0.160507  	7.60496
90 	24    	3.87783	1.7898 	0.160176  	7.60409
91 	24    	3.87778	1.78982	0.160176  	7.60409
92 	24    	3.87754	1.78993	0.160176  	7.60409
93 	24    	3.87737	1.78976	0.160176  	7.60409
94 	24    	3.87735	1.78965	0.160507  	7.60409
95 	24    	3.87722	1.7897 	0.160507  	7.60409
96 	24    	3.87488	1.79107	0.163509  	7.60409
97 	24    	3.87244	1.79263	0.165258  	7.60409
98 	24    	3.87094	1.80289	0.165036  	8.43977
99 	24    	3.86237	1.81717	0.158456  	8.43977
100	24    	3.84655	1.85273	0.158456  	8.43977
101	24    	3.83008	1.86424	0.158456  	8.43977
102	24    	3.81522	1.86593	0.158456  	8.43996
103	24    	3.80337	1.88813	0.159996  	8.43996
104	24    	3.79061	1.89084	0.159959  	8.45642
105	24    	3.78183	1.90368	0.159959  	8.43996
106	24    	3.7725 	1.93221	0.159959  	8.6934 
107	24    	3.76313	1.93645	0.159399  	8.46041
108	24    	3.75434	1.99911	0.162764  	8.46149
109	24    	3.74345	2.03862	0.162593  	8.47181
110	24    	3.7324 	2.00867	0.0989569 	8.75259
111	24    	3.72084	2.03347	0.162714  	8.47181
112	24    	3.71118	2.03809	0.162722  	8.46768
113	24    	3.69919	2.06186	0.162722  	8.46768
114	24    	3.68153	2.07458	0.161163  	8.47103
115	24    	3.67079	2.09197	0.161163  	8.47103
116	24    	3.65971	2.12022	0.0972537 	8.76819
117	24    	3.65751	2.12154	0.079073  	8.8839 
118	24    	3.65469	2.1224 	0.159456  	8.46226
119	24    	3.65415	2.12345	0.159456  	8.49265
120	24    	3.65406	2.12337	0.159456  	8.49265
--- 18991.6073448658 seconds ---
ran GA
