preds
RHEB
['PDPK1', 'TSC2', 'TSC1']
preds
TSC2
['PIK3AP1', 'FOXO3', 'DDIT4']
preds
TSC1
['MCL1', 'PIK3AP1', 'PTEN']
preds
PDPK1
['IRS1', 'CRTC2', 'RAC1']
preds
PTEN
['GSK3B', 'NOS3', 'CDKN1B']
preds
IRS1
['PDPK1', 'PTK2', 'CRTC2']
preds
GSK3B
['MYB', 'PTEN', 'NR4A1']
preds
CDKN1B
['FOXO3', 'PTEN', 'GSK3B']
preds
FOXO3
['THEM4', 'NR4A1', 'NOS3']
preds
BAD
['PDPK1', 'RAC1', 'GRB2']
preds
MDM2
['CDKN1B', 'NR4A1', 'THEM4']
preds
BCL2L1
['IRS1', 'RAC1', 'CDC37']
preds
GRB2
['CDC37', 'BCL2L1', 'EIF4E']
preds
THEM4
['FOXO3', 'NR4A1', 'BCL2']
preds
CDC37
['CASP9', 'BCL2L1', 'GRB2']
preds
NOS3
['FOXO3', 'PTEN', 'PIK3AP1']
preds
CRTC2
['IRS1', 'RAC1', 'PDPK1']
preds
CDKN1A
['THEM4', 'PTEN', 'GSK3B']
preds
CASP9
['CDC37', 'GRB2', 'IRS1']
preds
RAF1
['BRCA1', 'CRTC2', 'PDPK1']
preds
CD19
['CDC37', 'GRB2', 'BCL2L1']
preds
PTK2
['IRS1', 'RAC1', 'CDC37']
preds
RAC1
['BCL2L1', 'CRTC2', 'IRS1']
preds
BRCA1
['CASP9', 'GRB2', 'IRS1']
preds
BCL2
['THEM4', 'MYB', 'NR4A1']
preds
MCL1
['TSC1', 'BCL2', 'CDKN1B']
preds
MYB
['GSK3B', 'BCL2', 'THEM4']
preds
PIK3AP1
['TSC1', 'TSC2', 'MYB']
preds
NR4A1
['FOXO3', 'THEM4', 'GSK3B']
gen	nevals	avg    	std    	min      	max    
0  	24    	8.75711	5.49432	0.0036537	21.7352
1  	24    	7.25514	4.71582	0.0036537	21.7352
2  	24    	6.91176	4.62552	0.0036537	21.7352
3  	24    	6.38786	4.28896	0.0036537	20.4037
4  	24    	6.05666	3.95368	0.0036785	20.4037
5  	24    	5.73922	3.85856	0.000536466	20.208 
6  	24    	5.53157	3.4186 	0.000536466	19.4669
7  	24    	5.40873	3.36361	0.000536466	19.4701
8  	24    	5.31158	3.35389	0.000536466	19.4669
9  	24    	5.21239	3.30151	0.00180779 	19.4208
10 	24    	5.08571	3.71008	0.00127518 	20.1348
11 	24    	4.99659	3.85358	0.00133325 	19.4309
12 	24    	4.9064 	3.66538	0.00133325 	19.4261
13 	24    	4.77437	3.86862	0.00133325 	19.4283
14 	24    	4.72439	3.56437	0.00133325 	19.4283
15 	24    	4.67883	3.56524	0.00153218 	19.4258
16 	24    	4.63275	3.57117	0.00151265 	19.4258
17 	24    	4.53524	3.60178	0.00153218 	19.4239
18 	24    	4.446  	3.57719	0.00153218 	19.4239
19 	24    	4.40804	3.59825	0.0021188  	19.4153
20 	24    	4.393  	3.61042	0.00206429 	19.4082
21 	24    	4.35898	3.65411	0.00206429 	19.4128
22 	24    	4.34881	3.67277	0.00195997 	19.4128
23 	24    	4.33114	3.63371	0.00195997 	19.4124
24 	24    	4.30036	3.55669	0.00220513 	19.4076
25 	24    	4.26106	3.37892	0.00213561 	19.4085
26 	24    	4.21009	3.15048	0.00213561 	19.4085
27 	24    	4.14829	2.80883	0.00109426 	19.4603
28 	24    	4.12778	2.72626	0.00178949 	12.1562
29 	24    	4.12054	2.72126	0.00178949 	12.1562
30 	24    	4.11173	2.71479	0.00178949 	12.1562
31 	24    	4.09153	2.69865	0.00178949 	12.1562
32 	24    	4.07917	2.694  	0.00219771 	12.1562
33 	24    	4.06334	2.68222	0.00219771 	12.1564
34 	24    	4.05628	2.6783 	0.00219771 	12.1568
35 	24    	4.04823	2.6705 	0.00209562 	12.1564
36 	24    	4.016  	2.64431	0.00209562 	12.1586
37 	24    	3.98614	2.61939	0.00123504 	12.1558
38 	24    	3.96409	2.61042	0.00123504 	12.1563
39 	24    	3.94374	2.56985	0.00123504 	12.1563
40 	24    	3.92932	2.5469 	0.00123504 	12.1558
41 	24    	3.90768	2.52134	0.00112982 	12.156 
42 	24    	3.90079	2.52192	0.00112982 	12.1561
43 	24    	3.86806	2.47585	0.00112982 	12.157 
44 	24    	3.83123	2.39514	0.00111312 	12.157 
45 	24    	3.77201	2.22174	0.0009485  	9.55864
46 	24    	3.74232	2.20267	0.00129022 	9.55864
47 	24    	3.70377	2.18722	0.00127389 	9.55864
48 	24    	3.68592	2.18428	0.00124799 	9.55864
49 	24    	3.67702	2.19844	0.00124799 	9.55864
50 	24    	3.66782	2.21522	0.00118902 	9.55864
51 	24    	3.63735	2.20564	0.0011766  	9.55864
52 	24    	3.60909	2.17417	0.00119272 	9.55864
53 	24    	3.55141	2.19998	0.000977769	9.55864
54 	24    	3.5145 	2.20374	0.00126208 	9.55864
55 	24    	3.49413	2.19427	0.00121712 	8.61259
56 	24    	3.4688 	2.20247	0.00121712 	8.19133
57 	24    	3.46175	2.20645	0.00121712 	8.19402
58 	24    	3.45323	2.20844	0.00121712 	8.19475
59 	24    	3.43759	2.21121	0.00121712 	8.19823
60 	24    	3.4117 	2.21554	0.00119293 	8.19341
61 	24    	3.38071	2.21103	0.00119293 	8.19341
62 	24    	3.37321	2.20799	0.00119293 	8.19508
63 	24    	3.36884	2.20537	0.00119293 	8.19442
64 	24    	3.36453	2.20253	0.00119293 	8.19728
65 	24    	3.34349	2.18847	0.00127457 	8.19442
66 	24    	3.33088	2.17998	0.00127457 	8.19442
67 	24    	3.33055	2.18004	0.00131191 	8.19558
68 	24    	3.32611	2.18245	0.00128066 	8.19657
69 	24    	3.32177	2.18477	0.00125666 	8.19657
70 	24    	3.32175	2.18475	0.00125666 	8.19657
71 	24    	3.31304	2.18929	0.00125666 	8.19657
72 	24    	3.3    	2.19629	0.00125666 	8.19657
73 	24    	3.28028	2.20866	0.00118945 	8.19657
74 	24    	3.24389	2.22215	0.00118945 	8.19657
75 	24    	3.22614	2.23354	0.00130112 	8.19435
76 	24    	3.22595	2.23346	0.00121433 	8.19435
77 	24    	3.22595	2.23344	0.00121433 	8.19435
78 	24    	3.22585	2.23335	0.00121433 	8.19435
79 	24    	3.22576	2.23345	0.00121433 	8.19435
80 	24    	3.22573	2.23345	0.00121433 	8.19435
81 	24    	3.22566	2.23334	0.00121433 	8.19338
82 	24    	3.22564	2.23336	0.00125278 	8.19244
83 	24    	3.22561	2.23361	0.00125278 	8.19244
84 	24    	3.22556	2.23368	0.00125278 	8.19244
85 	24    	3.2255 	2.23406	0.00118967 	8.19244
86 	24    	3.22543	2.23442	0.00118967 	8.19411
87 	24    	3.22272	2.23577	0.00118967 	8.1968 
88 	24    	3.22265	2.23634	0.00118967 	8.1968 
89 	24    	3.2226 	2.23655	0.00118967 	8.1968 
90 	24    	3.21911	2.23699	0.000986274	8.1968 
91 	24    	3.214  	2.23434	0.000986274	8.1968 
92 	24    	3.20859	2.22627	0.000986274	8.1968 
93 	24    	3.19228	2.22577	0.000986274	8.19357
94 	24    	3.16813	2.21776	0.00117176 	8.19213
95 	24    	3.15934	2.24802	0.00109823 	8.19424
96 	24    	3.15738	2.25215	0.00109823 	8.19559
97 	24    	3.15533	2.25116	0.00109823 	8.19559
98 	24    	3.15163	2.24836	0.000916777	8.19559
99 	24    	3.14804	2.25048	0.00105959 	8.19559
100	24    	3.14362	2.25184	0.00091683 	8.19559
101	24    	3.14063	2.25026	0.00091683 	8.19321
102	24    	3.1347 	2.24722	0.000920616	8.19486
103	24    	3.13346	2.24945	0.00092581 	8.19486
104	24    	3.12939	2.24503	0.000795191	8.19378
105	24    	3.12689	2.24187	0.000856856	8.19378
106	24    	3.12231	2.23393	0.000856856	8.19406
107	24    	3.11749	2.23189	0.000856856	8.19133
108	24    	3.10653	2.21543	0.00104226 	8.19326
109	24    	3.09663	2.20168	0.000793531	8.19326
110	24    	3.07555	2.16985	0.000826174	8.19456
111	24    	3.0655 	2.16042	0.000826174	8.19553
112	24    	3.06166	2.15704	0.000826174	8.19553
113	24    	3.05855	2.15414	0.000826174	8.19553
114	24    	3.05641	2.14954	0.000826174	8.19553
115	24    	3.05207	2.14523	0.00089335 	8.19553
116	24    	3.0471 	2.1414 	0.00089335 	8.19553
117	24    	3.04299	2.14119	0.00089335 	8.19553
118	24    	3.03286	2.13143	0.00089335 	8.19191
119	24    	3.01501	2.10856	0.000905489	8.19145
120	24    	3.0093 	2.10343	0.000905489	8.19145
--- 15825.341346025467 seconds ---
ran GA
