preds
ITGB1
['ITGAL', 'ITGA4', 'ITGB7']
preds
ITGAL
['ICAM2', 'CD28', 'ITGB1']
preds
CD226
['CD80', 'JAM3', 'MADCAM1']
preds
ITGA4
['JAM3', 'F11R', 'CD226']
preds
ICAM1
['ICAM3', 'ITGAL', 'CD22']
preds
JAM3
['CD28', 'ITGA4', 'CD226']
preds
F11R
['ITGA4', 'ITGAL', 'CD226']
gen	nevals	avg   	std    	min        	max    
0  	24    	5.4665	6.81242	9.79136e-05	23.0936
1  	24    	4.43335	5.59437	9.79136e-05	23.0471
2  	24    	3.88534	4.80452	7.88899e-05	23.0471
3  	24    	3.52496	4.24589	7.88899e-05	22.1386
4  	24    	3.32768	3.86263	7.88899e-05	22.1386
5  	24    	3.17457	3.55374	7.88899e-05	19.1078
6  	24    	3.00531	3.27163	9.13435e-05	17.0674
7  	24    	2.90456	3.177  	0.000128041	15.6052
8  	24    	2.79307	2.82875	0.000128041	11.5992
9  	24    	2.76024	2.7481 	0.000128041	11.4031
10 	24    	2.72444	2.60145	9.0164e-05 	11.4115
11 	24    	2.67583	2.6147 	0.000130988	11.4115
12 	24    	2.64994	2.56429	0.000108911	11.4115
13 	24    	2.64312	2.58207	0.000108911	11.4115
14 	24    	2.6345 	2.65428	0.000108911	11.4115
15 	24    	2.62601	2.72446	0.000108911	11.4238
16 	24    	2.60912	2.85938	0.000108911	11.4238
17 	24    	2.57609	3.11255	0.000130926	11.4322
18 	24    	2.56489	3.15557	0.000130926	11.4117
19 	24    	2.55922	3.11049	9.53492e-05	11.4133
20 	24    	2.54953	3.02021	9.53492e-05	11.3901
21 	24    	2.53195	2.84923	9.53492e-05	11.3298
22 	24    	2.52589	2.79744	9.53492e-05	9.07682
23 	24    	2.52408	2.7893 	9.53492e-05	9.0757 
24 	24    	2.5193 	2.76907	0.000140211	9.08283
25 	24    	2.51354	2.74971	0.000140211	9.08283
26 	24    	2.50427	2.7131 	0.000104526	9.08332
27 	24    	2.50036	2.70479	8.97122e-05	9.03492
28 	24    	2.49559	2.69822	8.97122e-05	9.03492
29 	24    	2.48541	2.68023	8.97122e-05	9.042  
30 	24    	2.47353	2.67469	8.97122e-05	9.042  
31 	24    	2.46697	2.64223	0.000170585	11.2379
32 	24    	2.45981	2.58058	0.000148019	11.2379
33 	24    	2.45154	2.54553	0.00013004 	11.238 
34 	24    	2.44723	2.54923	0.000140664	11.238 
35 	24    	2.43796	2.56663	0.000140664	11.272 
36 	24    	2.41831	2.59785	7.04831e-05	11.272 
37 	24    	2.40919	2.57204	6.34967e-05	11.2281
38 	24    	2.39189	2.53545	2.68334e-05	11.2302
39 	24    	2.38423	2.54466	2.68334e-05	11.6356
40 	24    	2.37753	2.55235	2.68334e-05	11.6356
41 	24    	2.34944	2.58628	2.68334e-05	11.6606
42 	24    	2.32187	2.56944	2.68334e-05	11.6406
43 	24    	2.29679	2.50971	9.81682e-05	9.61385
44 	24    	2.28864	2.49304	0.000155544	9.59847
45 	24    	2.27654	2.4651 	0.000158335	9.59886
46 	24    	2.24575	2.39881	0.000113838	9.60047
47 	24    	2.23787	2.40075	0.000107186	9.60047
48 	24    	2.22007	2.39027	0.000107186	9.60083
49 	24    	2.21408	2.37462	0.000107186	9.59228
50 	24    	2.18977	2.3041 	8.26323e-05	9.5808 
51 	24    	2.17056	2.24777	0.000133969	7.53075
52 	24    	2.16975	2.24749	4.63245e-05	7.53075
53 	24    	2.16905	2.24714	0.000128232	7.53075
54 	24    	2.16612	2.24753	0.000128232	7.53568
55 	24    	2.16337	2.24934	4.23174e-05	8.32828
56 	24    	2.15686	2.24661	4.23174e-05	8.32828
57 	24    	2.14565	2.24648	4.23174e-05	8.36769
58 	24    	2.13436	2.2437 	4.23174e-05	8.36945
59 	24    	2.12214	2.22458	0.000164696	8.37628
60 	24    	2.10944	2.20086	0.000164696	8.36945
61 	24    	2.09316	2.16344	0.000164696	6.78866
62 	24    	2.09225	2.15851	0.000164696	6.78866
63 	24    	2.0919 	2.16037	0.000164696	6.77221
64 	24    	2.09158	2.15801	0.000159623	6.78123
65 	24    	2.09138	2.15777	0.000159623	6.77221
66 	24    	2.09124	2.1616 	0.000159623	6.77221
67 	24    	2.09113	2.1615 	0.000159623	6.77221
68 	24    	2.09109	2.16342	0.000152685	6.77374
69 	24    	2.09079	2.15932	0.000106512	6.77073
70 	24    	2.09076	2.15941	0.000106512	6.77168
71 	24    	2.09065	2.15936	0.000106512	6.77168
72 	24    	2.09036	2.15292	0.000106512	6.75347
73 	24    	2.09035	2.15286	0.000106512	6.75347
74 	24    	2.0903 	2.15287	0.000106512	6.79046
75 	24    	2.09028	2.15485	0.000106512	6.79046
76 	24    	2.09028	2.15485	0.000106512	6.79046
77 	24    	2.09027	2.15492	0.000106512	6.79046
78 	24    	2.09027	2.15492	0.000106512	6.79046
79 	24    	2.09023	2.15294	0.000159623	6.79046
80 	24    	2.09021	2.15271	0.000172942	6.79046
81 	24    	2.09021	2.15476	0.000172942	6.79046
82 	24    	2.0902 	2.15489	0.000172942	6.79046
83 	24    	2.08982	2.15346	0.000172942	6.79046
84 	24    	2.08981	2.15348	0.000172942	6.79046
85 	24    	2.08937	2.1537 	0.000131833	6.79046
86 	24    	2.08908	2.15205	0.000131833	6.79046
87 	24    	2.08906	2.14808	0.000131833	6.79046
88 	24    	2.08781	2.14679	9.88461e-05	6.75347
89 	24    	2.08715	2.15077	9.88461e-05	7.49057
90 	24    	2.08548	2.14716	9.88461e-05	7.49057
91 	24    	2.08344	2.14751	0.000108542	7.49057
92 	24    	2.08196	2.14484	0.000127601	5.98831
93 	24    	2.08134	2.14413	0.000151135	5.98759
94 	24    	2.08052	2.14272	0.000151135	5.98759
95 	24    	2.08012	2.14203	3.81782e-05	5.96838
96 	24    	2.07918	2.14007	3.81782e-05	5.96838
97 	24    	2.07833	2.13839	3.81782e-05	5.96802
98 	24    	2.07701	2.13757	3.81782e-05	5.96802
99 	24    	2.07685	2.13752	3.81782e-05	5.96802
100	24    	2.07659	2.13732	3.81782e-05	5.9648 
101	24    	2.07302	2.13443	0.000129784	5.96639
102	24    	2.06865	2.13243	0.000129784	6.48421
103	24    	2.0672 	2.13255	0.000122204	6.51495
104	24    	2.06315	2.12937	0.000122204	6.51495
105	24    	2.054  	2.12439	0.000122204	6.51495
106	24    	2.03944	2.11648	0.000122204	6.53768
107	24    	2.02864	2.10865	0.000194323	6.53768
108	24    	2.01366	2.08779	0.000194323	6.51214
109	24    	2.00852	2.08077	0.000158646	5.96651
110	24    	2.00747	2.08005	6.66627e-05	5.96799
111	24    	2.00694	2.08023	0.00011542 	5.96799
112	24    	2.00566	2.07993	0.000157561	5.96799
113	24    	2.00441	2.07928	0.000157561	5.96799
114	24    	2.00296	2.07851	0.000157561	5.96799
115	24    	2.0012 	2.078  	6.17998e-05	5.96799
116	24    	2.00002	2.07797	6.17998e-05	5.9677 
117	24    	1.99912	2.07697	0.000117473	5.96517
118	24    	1.9986 	2.07648	0.000118885	5.96517
119	24    	1.99844	2.07655	0.000118885	5.97038
120	24    	1.99799	2.07598	0.000118885	5.97038
--- 7661.684264659882 seconds ---
ran GA
