slurmstepd: error: task/cgroup: unable to add task[pid=36083] to memory cg '(null)'
preds
RHEB
['RAF1', 'PIK3AP1', 'TSC2']
preds
TSC2
['PIK3AP1', 'FOXO3', 'PTEN']
preds
TSC1
['PIK3AP1', 'PTEN', 'CDKN1B']
preds
PDPK1
['IRS1', 'CRTC2', 'RAC1']
preds
PTEN
['MDM2', 'BCL2', 'MYB']
preds
IRS1
['PDPK1', 'PTK2', 'CRTC2']
preds
GSK3B
['NR4A1', 'THEM4', 'PIK3AP1']
preds
CDKN1B
['BCL2', 'NOS3', 'PTEN']
preds
FOXO3
['THEM4', 'G6PC', 'MYB']
preds
BAD
['PDPK1', 'CRTC2', 'RAC1']
preds
MDM2
['PTEN', 'MYB', 'THEM4']
preds
BCL2L1
['RAC1', 'GRB2', 'PDPK1']
preds
GRB2
['BCL2L1', 'CASP9', 'CRTC2']
preds
THEM4
['FOXO3', 'NR4A1', 'PTEN']
preds
CDC37
['CASP9', 'RAC1', 'PTK2']
preds
NOS3
['PTEN', 'CDKN1B', 'CDKN1A']
preds
CRTC2
['IRS1', 'PTK2', 'PDPK1']
preds
CDKN1A
['BCL2', 'THEM4', 'NOS3']
preds
CASP9
['CDC37', 'GRB2', 'PTK2']
preds
RAF1
['RAC1', 'RHEB', 'CRTC2']
preds
CD19
['CDC37', 'GRB2', 'IRS1']
preds
PTK2
['IRS1', 'CRTC2', 'RAC1']
preds
RAC1
['BCL2L1', 'IRS1', 'BRCA1']
preds
BRCA1
['RAC1', 'STK11', 'CDC37']
preds
BCL2
['PTEN', 'CDKN1B', 'CDKN1A']
preds
MCL1
['PIK3AP1', 'BCL2', 'PTEN']
preds
MYB
['MDM2', 'PTEN', 'FOXO3']
preds
PIK3AP1
['TSC1', 'MCL1', 'TSC2']
preds
NR4A1
['CCND1', 'THEM4', 'GSK3B']
gen	nevals	avg   	std    	min       	max    
0  	24    	9.8415	6.01483	0.00761429	24.4959
1  	24    	8.70237	5.94152	0.00325557	24.4959
2  	24    	7.48419	5.58087	0.00325557	24.5107
3  	24    	6.96996	5.4213 	0.00350642	24.5107
4  	24    	6.48616	5.14576	0.0047314 	24.5107
5  	24    	6.23579	4.88087	0.00418706	24.5107
6  	24    	6.05517	4.72235	0.00418706	24.4811
7  	24    	5.74043	4.46915	0.00418706	24.4811
8  	24    	5.47252	4.46583	0.00418706	24.1998
9  	24    	5.17197	4.37723	0.0113043 	21.6117
10 	24    	5.06535	4.38169	0.0113043 	19.3193
11 	24    	4.91554	3.93252	0.0122689 	19.3225
12 	24    	4.85309	3.82178	0.0122689 	19.3193
13 	24    	4.829  	3.82506	0.0122689 	19.3636
14 	24    	4.78105	3.78535	0.0116768 	19.3696
15 	24    	4.72702	3.67955	0.011167  	19.3696
16 	24    	4.63686	3.55082	0.0113083 	19.2774
17 	24    	4.52475	3.39222	0.0106484 	19.2774
18 	24    	4.39072	3.12769	0.0106484 	18.0799
19 	24    	4.26569	2.77309	0.0101136 	15.76  
20 	24    	4.2419 	2.7155 	0.0101136 	10.157 
21 	24    	4.22363	2.7209 	0.0109239 	10.39  
22 	24    	4.19381	2.71459	0.0106094 	10.39  
23 	24    	4.17978	2.67382	0.0106094 	10.39  
24 	24    	4.14167	2.68251	0.0106094 	10.4157
25 	24    	4.12974	2.67062	0.00917168	9.88138
26 	24    	4.119  	2.71081	0.0101548 	9.88761
27 	24    	4.10178	2.71949	0.0101548 	9.88761
28 	24    	4.09552	2.70603	0.0109784 	9.88012
29 	24    	4.07404	2.68846	0.0109784 	9.88012
30 	24    	4.04157	2.62464	0.010969  	9.88959
31 	24    	4.00089	2.64978	0.0113269 	9.88959
32 	24    	3.97213	2.63817	0.0113269 	9.88251
33 	24    	3.90094	2.66858	0.0119362 	9.88251
34 	24    	3.82053	2.7875 	0.012248  	9.88251
35 	24    	3.78265	2.77732	0.0111674 	9.88228
36 	24    	3.76433	2.75243	0.0113792 	9.8834 
37 	24    	3.74912	2.73229	0.0113792 	9.8834 
38 	24    	3.7371 	2.72379	0.00933908	9.8834 
39 	24    	3.70694	2.69649	0.00933908	9.8834 
40 	24    	3.67945	2.60434	0.00987017	9.88663
41 	24    	3.66755	2.58525	0.010041  	9.88714
42 	24    	3.65705	2.56789	0.010041  	9.88714
43 	24    	3.63812	2.53653	0.010041  	9.88663
44 	24    	3.61072	2.51956	0.0100582 	9.88266
45 	24    	3.58297	2.48436	0.0100582 	9.87796
46 	24    	3.54565	2.45601	0.0100582 	9.86606
47 	24    	3.46973	2.41232	0.0121105 	9.37413
48 	24    	3.38368	2.35678	0.0108737 	9.08617
49 	24    	3.35061	2.31823	0.0108737 	9.08474
50 	24    	3.34379	2.31428	0.0108737 	9.08474
51 	24    	3.32277	2.29694	0.0108737 	9.08474
52 	24    	3.29273	2.27591	0.0108737 	9.23586
53 	24    	3.25907	2.23957	0.0108301 	9.23586
54 	24    	3.24243	2.22265	0.0117812 	9.23586
55 	24    	3.22441	2.21753	0.0112517 	9.23586
56 	24    	3.21849	2.21312	0.00941995	9.04653
57 	24    	3.21797	2.21335	0.00941995	9.04868
58 	24    	3.21664	2.21472	0.00941995	9.22352
59 	24    	3.21634	2.21474	0.00941995	9.22352
60 	24    	3.21518	2.21638	0.0108699 	9.23762
61 	24    	3.21368	2.21919	0.0115676 	9.23762
62 	24    	3.21187	2.22071	0.0115676 	9.23762
63 	24    	3.20799	2.22633	0.0112911 	9.23837
64 	24    	3.20326	2.23366	0.00939758	9.24187
65 	24    	3.19833	2.24092	0.00939758	9.24187
66 	24    	3.19668	2.23957	0.00939758	9.24187
67 	24    	3.19372	2.23795	0.00939758	9.24187
68 	24    	3.18974	2.23336	0.00939758	9.29135
69 	24    	3.18632	2.24006	0.00939758	9.29582
70 	24    	3.18338	2.24539	0.0100674 	9.29752
71 	24    	3.17873	2.24033	0.0100674 	9.29752
72 	24    	3.17165	2.23229	0.0100674 	9.30901
73 	24    	3.16259	2.23162	0.0103786 	9.29801
74 	24    	3.15607	2.24209	0.00954339	9.30254
75 	24    	3.14692	2.2568 	0.00954339	9.30254
76 	24    	3.13387	2.27733	0.00954339	9.37606
77 	24    	3.11736	2.26283	0.0757888 	9.3021 
78 	24    	3.10759	2.23423	0.0798373 	9.30547
79 	24    	3.10212	2.22   	0.0788818 	9.30363
80 	24    	3.10126	2.21969	0.0788818 	9.30363
81 	24    	3.10024	2.21946	0.0788818 	9.30065
82 	24    	3.09794	2.21586	0.0804065 	9.30065
83 	24    	3.09167	2.20836	0.0804065 	9.30065
84 	24    	3.0822 	2.19944	0.0801862 	9.29712
85 	24    	3.0793 	2.19127	0.0764864 	9.30005
86 	24    	3.07321	2.17287	0.0793946 	9.45465
87 	24    	3.06221	2.1498 	0.0793946 	9.45465
88 	24    	3.05746	2.14375	0.0810783 	9.29703
89 	24    	3.05543	2.14428	0.0815193 	9.29821
90 	24    	3.05142	2.14548	0.0834259 	9.29821
91 	24    	3.04839	2.14338	0.0757467 	9.29821
92 	24    	3.04243	2.13791	0.0757467 	9.29806
93 	24    	3.04178	2.13775	0.079847  	9.29806
94 	24    	3.04169	2.1378 	0.079847  	9.3018 
95 	24    	3.04127	2.13765	0.0810222 	9.30296
96 	24    	3.04102	2.13775	0.0811844 	9.30296
97 	24    	3.04096	2.13766	0.0787756 	9.30296
98 	24    	3.04096	2.13766	0.0787756 	9.30296
99 	24    	3.04093	2.13764	0.0787756 	9.30296
100	24    	3.0395 	2.1374 	0.0787756 	9.30296
101	24    	3.03822	2.13724	0.0752573 	9.30296
102	24    	3.03818	2.13711	0.0752573 	9.30296
103	24    	3.03813	2.13703	0.0752573 	9.30296
104	24    	3.03812	2.13699	0.0752573 	9.30296
105	24    	3.03812	2.13699	0.0752573 	9.30296
106	24    	3.03812	2.13699	0.0752573 	9.30296
107	24    	3.03433	2.13619	0.0752573 	9.3046 
108	24    	3.03053	2.13545	0.0752573 	9.3046 
109	24    	3.02301	2.13398	0.0752573 	9.3046 
110	24    	3.01056	2.13156	0.0752573 	9.3046 
111	24    	3.0102 	2.13148	0.0752573 	9.3046 
112	24    	3.00957	2.13171	0.0752573 	9.3046 
113	24    	3.00944	2.13165	0.0789406 	9.3046 
114	24    	3.0094 	2.13174	0.0789406 	9.3046 
115	24    	3.00934	2.1317 	0.0789406 	9.3046 
116	24    	3.0093 	2.1316 	0.0789406 	9.3046 
117	24    	3.00906	2.13172	0.0789406 	9.3046 
118	24    	3.00876	2.13189	0.0789406 	9.3046 
119	24    	3.00825	2.13248	0.0789406 	9.29995
120	24    	3.00813	2.13258	0.0789406 	9.29995
--- 19555.892554283142 seconds ---
ran GA
