slurmstepd: error: task/cgroup: unable to add task[pid=36204] to memory cg '(null)'
preds
RHEB
['PDPK1', 'CD19', 'CDKN1A']
preds
TSC2
['MCL1', 'PIK3AP1', 'BCL2']
preds
TSC1
['PIK3AP1', 'PTEN', 'THEM4']
preds
PDPK1
['IRS1', 'CRTC2', 'RAC1']
preds
PTEN
['MDM2', 'GSK3B', 'MYB']
preds
IRS1
['PDPK1', 'CRTC2', 'BCL2L1']
preds
GSK3B
['MDM2', 'PTEN', 'CDKN1B']
preds
CDKN1B
['NR4A1', 'BCL2', 'NOS3']
preds
FOXO3
['THEM4', 'BCL2', 'MYB']
preds
BAD
['PDPK1', 'CRTC2', 'IRS1']
preds
MDM2
['PTEN', 'GSK3B', 'CDKN1B']
preds
BCL2L1
['IRS1', 'CASP9', 'GRB2']
preds
GRB2
['CDC37', 'BCL2L1', 'PTK2']
preds
THEM4
['FOXO3', 'NR4A1', 'BCL2']
preds
CDC37
['GRB2', 'RAC1', 'PTK2']
preds
NOS3
['CDKN1B', 'CDKN1A', 'PIK3AP1']
preds
CRTC2
['IRS1', 'PTK2', 'PDPK1']
preds
CDKN1A
['THEM4', 'NOS3', 'MCL1']
preds
CASP9
['BCL2L1', 'RAC1', 'IRS1']
preds
RAF1
['PTK2', 'BCL2L1', 'IRS1']
preds
CD19
['CDC37', 'GRB2', 'EIF4EBP1']
preds
PTK2
['CRTC2', 'RAC1', 'CDC37']
preds
RAC1
['BRCA1', 'PDPK1', 'CDC37']
preds
BRCA1
['RAC1', 'EIF4E', 'PTK2']
preds
BCL2
['CDKN1B', 'THEM4', 'FOXO3']
preds
MCL1
['TSC2', 'PTEN', 'THEM4']
preds
MYB
['PTEN', 'NR4A1', 'FOXO3']
preds
PIK3AP1
['TSC1', 'TSC2', 'GSK3B']
preds
NR4A1
['CCND1', 'CDKN1B', 'THEM4']
gen	nevals	avg   	std    	min     	max    
0  	24    	8.8811	5.62637	0.115693	21.7352
1  	24    	7.66943	5.27387	0.0320471	21.7352
2  	24    	7.07763	4.95862	0.115693 	21.7352
3  	24    	6.59291	4.50135	0.073945 	21.7352
4  	24    	6.296  	3.96529	0.115693 	21.7352
5  	24    	6.02117	3.71134	0.115693 	21.7352
6  	24    	5.76081	3.22097	0.115693 	19.9039
7  	24    	5.56025	3.08988	0.115693 	19.9039
8  	24    	5.42726	2.8797 	0.0643631	18.5616
9  	24    	5.28511	2.74539	0.0643631	18.4925
10 	24    	5.19469	2.59247	0.0643631	18.4926
11 	24    	5.1134 	2.45507	0.243207 	18.026 
12 	24    	5.09212	2.44767	0.243207 	18.026 
13 	24    	5.07838	2.47666	0.225308 	18.026 
14 	24    	5.03822	2.44339	0.225308 	18.0266
15 	24    	4.99898	2.32482	0.220413 	12.1218
16 	24    	4.96453	2.29239	0.220413 	12.183 
17 	24    	4.93385	2.28756	0.382183 	10.2115
18 	24    	4.899  	2.26958	0.382183 	10.2035
19 	24    	4.85377	2.25146	0.382183 	10.1979
20 	24    	4.78668	2.21175	0.382183 	9.91101
21 	24    	4.75746	2.20549	0.400326 	9.63914
22 	24    	4.75635	2.20438	0.400268 	9.63819
23 	24    	4.75383	2.20063	0.400365 	9.63819
24 	24    	4.74898	2.18809	0.400365 	9.91101
25 	24    	4.74173	2.17487	0.400292 	9.91101
26 	24    	4.73902	2.16646	0.400365 	9.91101
27 	24    	4.73698	2.15914	0.400365 	9.91101
28 	24    	4.72892	2.12177	0.400504 	9.91101
29 	24    	4.71576	2.06005	0.400504 	9.91101
30 	24    	4.70446	1.9946 	0.400504 	9.91101
31 	24    	4.70236	2.00126	0.400084 	9.91101
32 	24    	4.7017 	2.00434	0.400243 	9.91101
33 	24    	4.70152	2.00439	0.400694 	9.91101
34 	24    	4.70137	2.00771	0.40066  	9.91101
35 	24    	4.70118	2.01755	0.400695 	9.91101
36 	24    	4.69316	2.04227	0.400695 	9.91101
37 	24    	4.69267	2.06799	0.401012 	9.91101
38 	24    	4.68352	2.08022	0.602668 	9.91101
39 	24    	4.65341	2.07442	0.600562 	9.91101
40 	24    	4.58632	2.06034	0.600562 	9.91101
41 	24    	4.52048	2.04026	0.600562 	9.91101
42 	24    	4.52003	2.04035	0.60153  	9.91101
43 	24    	4.51994	2.0403 	0.601055 	9.91101
44 	24    	4.51861	2.04136	0.60153  	9.91101
45 	24    	4.51838	2.04158	0.582569 	9.91101
46 	24    	4.51833	2.04162	0.582569 	9.91101
47 	24    	4.51716	2.04263	0.580576 	9.91101
48 	24    	4.51472	2.04488	0.577939 	9.91101
49 	24    	4.50692	2.05183	0.577939 	9.91101
50 	24    	4.49936	2.05848	0.577104 	9.91101
51 	24    	4.48976	2.06388	0.577104 	9.91101
52 	24    	4.48335	2.06447	0.577104 	9.91101
53 	24    	4.47983	2.06201	0.390895 	9.91101
54 	24    	4.46787	2.06256	0.390895 	9.91101
55 	24    	4.45074	2.06419	0.390895 	9.91101
56 	24    	4.42109	2.06465	0.575409 	9.91101
57 	24    	4.42066	2.06546	0.575409 	9.91101
58 	24    	4.42045	2.06586	0.575409 	9.91101
59 	24    	4.42032	2.06599	0.575409 	9.91101
60 	24    	4.41961	2.06511	0.575409 	9.91101
61 	24    	4.419  	2.06414	0.573865 	9.91101
62 	24    	4.41814	2.06174	0.575409 	9.91101
63 	24    	4.41009	2.05766	0.494414 	9.91101
64 	24    	4.4038 	2.0481 	0.494414 	9.91101
65 	24    	4.3827 	2.03653	0.494191 	9.91101
66 	24    	4.35484	2.02093	0.49369  	9.91101
67 	24    	4.32011	2.0225 	0.49369  	9.91101
68 	24    	4.30414	1.99878	0.49369  	9.91101
69 	24    	4.26515	1.96059	0.492976 	9.91101
70 	24    	4.24555	1.93301	0.492976 	9.91101
71 	24    	4.23109	1.87568	0.492976 	9.26093
72 	24    	4.19906	1.87973	0.493255 	9.25646
73 	24    	4.18732	1.88153	0.493496 	9.10595
74 	24    	4.18704	1.88177	0.493298 	9.10543
75 	24    	4.18685	1.88188	0.493298 	9.10508
76 	24    	4.18666	1.88299	0.493298 	9.10546
77 	24    	4.1866 	1.88292	0.493298 	9.10503
78 	24    	4.1866 	1.88292	0.493298 	9.10503
79 	24    	4.18655	1.88287	0.493298 	9.10503
80 	24    	4.18637	1.88363	0.493298 	9.10506
81 	24    	4.18618	1.88456	0.493298 	9.10506
82 	24    	4.18605	1.88537	0.493298 	9.10506
83 	24    	4.18573	1.88727	0.493298 	9.10506
84 	24    	4.18501	1.89156	0.493038 	9.10552
85 	24    	4.18394	1.89955	0.493038 	9.10572
86 	24    	4.18319	1.90317	0.493038 	9.1059 
87 	24    	4.18301	1.90313	0.493038 	9.1059 
88 	24    	4.18295	1.90321	0.493038 	9.10628
89 	24    	4.18288	1.90327	0.493346 	9.10628
90 	24    	4.18282	1.9033 	0.493346 	9.1059 
91 	24    	4.18253	1.90352	0.493649 	9.13024
92 	24    	4.1825 	1.90354	0.493649 	9.13024
93 	24    	4.18239	1.90364	0.493649 	9.13024
94 	24    	4.18221	1.90364	0.493649 	9.13024
95 	24    	4.17945	1.89945	0.493649 	9.13024
96 	24    	4.17773	1.89233	0.493763 	9.13024
97 	24    	4.17629	1.89277	0.4934   	9.13087
98 	24    	4.1712 	1.89088	0.492795 	9.22023
99 	24    	4.1684 	1.88449	0.492666 	9.22023
100	24    	4.16058	1.87264	0.492795 	9.25022
101	24    	4.14798	1.83243	0.493699 	9.25022
102	24    	4.13533	1.78589	0.39186  	9.25022
103	24    	4.12488	1.80221	0.39186  	9.25022
104	24    	4.11115	1.83282	0.493991 	9.25022
105	24    	4.09942	1.81839	0.49277  	9.26062
106	24    	4.08934	1.79908	0.39186  	9.26062
107	24    	4.07485	1.77179	0.49277  	9.25233
108	24    	4.06312	1.74527	0.49277  	7.6178 
109	24    	4.05823	1.74336	0.493253 	7.6178 
110	24    	4.05492	1.74233	0.493253 	7.61881
111	24    	4.04895	1.73913	0.493324 	7.62536
112	24    	4.04056	1.73326	0.493419 	7.61881
113	24    	4.03269	1.72773	0.493419 	7.61273
114	24    	4.02623	1.72616	0.493531 	7.6141 
115	24    	4.01966	1.75945	0.411481 	8.47856
116	24    	4.01275	1.7927 	0.411481 	8.47856
117	24    	4.00605	1.8177 	0.411481 	8.47856
118	24    	4.00213	1.83469	0.410951 	8.51194
119	24    	3.99215	1.92824	0.410951 	8.51194
120	24    	3.97817	2.04521	0.410457 	8.51941
--- 20285.479125499725 seconds ---
ran GA
