slurmstepd: error: task/cgroup: unable to add task[pid=36220] to memory cg '(null)'
preds
RHEB
['BAD', 'PIK3AP1', 'THEM4']
preds
TSC2
['TSC1', 'PIK3AP1', 'DDIT4']
preds
TSC1
['MCL1', 'TSC2', 'MYC']
preds
PDPK1
['IRS1', 'CRTC2', 'RAC1']
preds
PTEN
['BCL2', 'GSK3B', 'NOS3']
preds
IRS1
['PDPK1', 'PTK2', 'CRTC2']
preds
GSK3B
['MDM2', 'PTEN', 'DDIT4']
preds
CDKN1B
['THEM4', 'FOXO3', 'PTEN']
preds
FOXO3
['NR4A1', 'CDKN1B', 'BCL2']
preds
BAD
['CRTC2', 'IRS1', 'RHEB']
preds
MDM2
['GSK3B', 'FOXO3', 'CDKN1A']
preds
BCL2L1
['IRS1', 'PTK2', 'GRB2']
preds
GRB2
['BCL2L1', 'CRTC2', 'PDPK1']
preds
THEM4
['CDKN1B', 'NOS3', 'NR4A1']
preds
CDC37
['RAC1', 'PTK2', 'IRS1']
preds
NOS3
['THEM4', 'PTEN', 'CDKN1A']
preds
CRTC2
['IRS1', 'PTK2', 'PDPK1']
preds
CDKN1A
['THEM4', 'PTEN', 'NOS3']
preds
CASP9
['PDPK1', 'CRTC2', 'CD19']
preds
RAF1
['RAC1', 'BCL2L1', 'CRTC2']
preds
CD19
['CDC37', 'GRB2', 'BCL2L1']
preds
PTK2
['IRS1', 'BCL2L1', 'CRTC2']
preds
RAC1
['IRS1', 'BRCA1', 'PDPK1']
preds
BRCA1
['RAC1', 'CDC37', 'EIF4EBP1']
preds
BCL2
['PTEN', 'THEM4', 'FOXO3']
preds
MCL1
['TSC1', 'GSK3B', 'MYB']
preds
MYB
['FOXO3', 'MCL1', 'TSC1']
preds
PIK3AP1
['TSC2', 'MDM2', 'GSK3B']
preds
NR4A1
['FOXO3', 'THEM4', 'BCL2']
gen	nevals	avg    	std    	min      	max    
0  	24    	8.54907	5.32532	0.0887463	21.7352
1  	24    	7.33354	4.60446	0.0887463	21.651 
2  	24    	6.59467	4.18808	0.0887463	19.9039
3  	24    	5.99679	3.56813	0.0956819	18.5616
4  	24    	5.52737	3.23383	0.137832 	18.1108
5  	24    	5.16141	2.89092	0.238949 	18.0112
6  	24    	4.94512	2.71438	0.238949 	18.0112
7  	24    	4.81085	2.47168	0.239275 	15.3767
8  	24    	4.6722 	2.36932	0.239275 	12.0522
9  	24    	4.56083	2.36247	0.239293 	12.0506
10 	24    	4.49949	2.23494	0.239162 	12.1558
11 	24    	4.4775 	2.21278	0.239339 	11.2065
12 	24    	4.47207	2.16688	0.239339 	11.1412
13 	24    	4.44976	2.19066	0.239225 	11.1412
14 	24    	4.43177	2.21159	0.239053 	9.99841
15 	24    	4.40828	2.18595	0.239322 	9.99841
16 	24    	4.39304	2.14556	0.419665 	9.99841
17 	24    	4.38191	2.07922	0.418346 	9.99841
18 	24    	4.37478	2.04104	0.420379 	9.99841
19 	24    	4.35922	2.0698 	0.430487 	9.99841
20 	24    	4.34033	2.07215	0.418315 	9.99841
21 	24    	4.33516	2.07638	0.48235  	9.99841
22 	24    	4.33014	2.06107	0.48235  	9.99841
23 	24    	4.32336	2.03051	0.48235  	9.99841
24 	24    	4.31394	2.02858	0.48235  	9.99841
25 	24    	4.31079	2.03432	0.48235  	9.99841
26 	24    	4.30335	2.03583	0.483407 	9.99841
27 	24    	4.29356	2.0518 	0.484583 	9.99841
28 	24    	4.28436	2.06387	0.484758 	9.99841
29 	24    	4.26868	2.0887 	0.484443 	9.99841
30 	24    	4.25156	2.09085	0.484443 	9.99841
31 	24    	4.23718	2.10473	0.483082 	9.99841
32 	24    	4.23461	2.10274	0.483082 	9.99841
33 	24    	4.23195	2.09846	0.483082 	9.99841
34 	24    	4.22762	2.09683	0.483082 	9.99841
35 	24    	4.21588	2.07843	0.483082 	9.99841
36 	24    	4.20776	2.06327	0.483082 	9.99841
37 	24    	4.19515	2.03369	0.483082 	9.99841
38 	24    	4.17491	2.00755	0.483082 	9.99841
39 	24    	4.16766	2.00075	0.48382  	9.99841
40 	24    	4.15768	1.99468	0.484262 	9.99841
41 	24    	4.12735	1.97252	0.484287 	9.99841
42 	24    	4.08339	1.94191	0.483805 	11.3094
43 	24    	4.00091	1.87975	0.483805 	11.3214
44 	24    	3.9431 	1.84444	0.483805 	7.02457
45 	24    	3.94256	1.84621	0.483854 	7.02163
46 	24    	3.94131	1.85133	0.483854 	7.02163
47 	24    	3.94068	1.85744	0.483854 	7.02466
48 	24    	3.93743	1.865  	0.483854 	7.02492
49 	24    	3.93613	1.88761	0.483785 	7.02595
50 	24    	3.93006	1.88154	0.483    	7.02466
51 	24    	3.92163	1.87219	0.482755 	7.02585
52 	24    	3.91449	1.86856	0.483    	7.02585
53 	24    	3.91376	1.86805	0.483    	7.02585
54 	24    	3.90451	1.86581	0.483    	7.0258 
55 	24    	3.89826	1.86372	0.483    	7.02499
56 	24    	3.88984	1.86538	0.483    	7.02222
57 	24    	3.8799 	1.86834	0.483477 	7.02541
58 	24    	3.8593 	1.87361	0.483477 	7.02118
59 	24    	3.8451 	1.87589	0.483477 	7.0216 
60 	24    	3.84174	1.87294	0.484423 	7.02279
61 	24    	3.83907	1.87032	0.483489 	7.02152
62 	24    	3.83862	1.87078	0.483489 	7.02257
63 	24    	3.83836	1.87021	0.484423 	7.02309
64 	24    	3.83822	1.87035	0.484423 	7.02309
65 	24    	3.83796	1.87049	0.484505 	7.02309
66 	24    	3.83681	1.87022	0.483994 	7.02309
67 	24    	3.8359 	1.86981	0.483994 	7.02309
68 	24    	3.83508	1.86942	0.483994 	7.02309
69 	24    	3.8324 	1.86804	0.483994 	7.02236
70 	24    	3.82507	1.8626 	0.484331 	7.02388
71 	24    	3.81858	1.85941	0.483465 	7.02488
72 	24    	3.81798	1.85969	0.483465 	7.02864
73 	24    	3.81734	1.85991	0.483465 	7.02488
74 	24    	3.81696	1.85895	0.483465 	7.02488
75 	24    	3.8162 	1.85701	0.4838   	7.02712
76 	24    	3.81488	1.85718	0.4838   	7.25746
77 	24    	3.81322	1.85429	0.483878 	7.25915
78 	24    	3.81172	1.859  	0.483878 	7.28674
79 	24    	3.80993	1.86403	0.483878 	7.28674
80 	24    	3.80874	1.87052	0.483878 	7.27374
81 	24    	3.80645	1.88954	0.483878 	7.27374
82 	24    	3.80369	1.91125	0.483812 	7.26536
83 	24    	3.80223	1.90873	0.483606 	7.28518
84 	24    	3.80111	1.90727	0.483351 	7.26536
85 	24    	3.79961	1.90756	0.483351 	7.28345
86 	24    	3.79611	1.90621	0.483983 	7.27098
87 	24    	3.79318	1.89493	0.483983 	7.27098
88 	24    	3.78736	1.89922	0.483846 	7.27098
89 	24    	3.78453	1.91635	0.483846 	7.27098
90 	24    	3.78296	1.91949	0.484068 	7.26976
91 	24    	3.78197	1.91973	0.484068 	7.2726 
92 	24    	3.78032	1.92005	0.484365 	7.2726 
93 	24    	3.7774 	1.91814	0.484365 	7.30053
94 	24    	3.77591	1.91928	0.484365 	7.30053
95 	24    	3.77454	1.9158 	0.484907 	7.30053
96 	24    	3.77427	1.91386	0.484    	7.30053
97 	24    	3.77345	1.91427	0.484942 	7.30053
98 	24    	3.77127	1.91136	0.484714 	7.30053
99 	24    	3.76775	1.91242	0.484608 	7.30053
100	24    	3.76088	1.90938	0.48452  	7.6701 
101	24    	3.75842	1.90766	0.484664 	7.6701 
102	24    	3.75797	1.90759	0.484437 	7.6701 
103	24    	3.75762	1.9076 	0.483904 	7.6701 
104	24    	3.75758	1.90763	0.483498 	7.6701 
105	24    	3.75742	1.90797	0.483498 	7.6701 
106	24    	3.75731	1.90792	0.483498 	7.6701 
107	24    	3.75723	1.90791	0.483096 	7.6701 
108	24    	3.75548	1.90826	0.483096 	7.6701 
109	24    	3.75286	1.90771	0.483096 	7.6701 
110	24    	3.74996	1.90779	0.483096 	7.6701 
111	24    	3.7444 	1.90645	0.484284 	7.6701 
112	24    	3.7413 	1.90528	0.484067 	7.6701 
113	24    	3.73499	1.89724	0.484067 	7.75002
114	24    	3.72938	1.88779	0.483357 	7.75699
115	24    	3.72464	1.88744	0.483357 	7.7615 
116	24    	3.71956	1.88907	0.483151 	7.79878
117	24    	3.71257	1.8778 	0.483151 	7.65148
118	24    	3.7105 	1.87235	0.483425 	7.65011
119	24    	3.7074 	1.86998	0.48275  	7.65011
120	24    	3.70519	1.86515	0.48275  	7.6414 
--- 18536.039486408234 seconds ---
ran GA
