preds
F11R
['ICAM1', 'RHOA', 'RAC1']
preds
ITGAL
['RASSF5', 'JAM3', 'PTK2B']
preds
RHOA
['CDC42', 'RAC1', 'F11R']
preds
JAM3
['ITGAL', 'CDC42', 'RHOA']
preds
RAC1
['RHOA', 'F11R', 'ITGB1']
preds
RAC2
['CDC42', 'CXCR4', 'ICAM1']
preds
RASSF5
['PTK2B', 'ITGA4', 'ITGAL']
preds
PTK2B
['BCAR1', 'RASSF5', 'ITGAL']
preds
CXCR4
['CDC42', 'RHOA', 'RAC2']
preds
ICAM1
['F11R', 'CXCR4', 'RAC1']
preds
CDC42
['RHOA', 'CXCR4', 'RAC2']
gen	nevals	avg    	std    	min        	max   
0  	24    	7.52245	5.06304	0.000146685	20.244
1  	24    	6.32144	4.42492	0.00017066 	20.244
2  	24    	5.96411	4.12306	0.000109339	19.971
3  	24    	5.56121	3.96379	0.000124004	19.1078
4  	24    	5.28241	3.69457	0.000124004	19.1078
5  	24    	4.82553	2.95544	9.74206e-05	18.3319
6  	24    	4.57907	2.60818	0.000105895	18.3319
7  	24    	4.38329	2.65902	0.000150005	18.3319
8  	24    	4.23847	2.42061	5.44105e-05	12.5299
9  	24    	4.16807	2.23394	5.44105e-05	10.3362
10 	24    	4.09122	2.07169	4.32798e-05	10.3332
11 	24    	3.99196	2.01994	4.32798e-05	10.0457
12 	24    	3.92276	2.0366 	4.32798e-05	10.0762
13 	24    	3.9144 	2.0453 	4.32798e-05	10.0762
14 	24    	3.85399	2.09586	4.32798e-05	10.0823
15 	24    	3.75774	2.20216	4.32798e-05	10.0823
16 	24    	3.65393	2.35574	4.42706e-05	10.0823
17 	24    	3.6048 	2.33749	4.42706e-05	10.0762
18 	24    	3.56455	2.3168 	4.42706e-05	10.056 
19 	24    	3.56074	2.31303	4.42706e-05	10.0667
20 	24    	3.55961	2.31216	4.42706e-05	10.0657
21 	24    	3.55906	2.31182	4.42706e-05	10.0615
22 	24    	3.55392	2.30476	5.83476e-05	10.0615
23 	24    	3.54414	2.28903	5.83476e-05	10.0607
24 	24    	3.53237	2.2702 	5.83476e-05	10.0752
25 	24    	3.5115 	2.24002	8.93581e-05	10.0745
26 	24    	3.50981	2.23898	0.000110641	10.0745
27 	24    	3.50947	2.23861	0.000110641	10.0745
28 	24    	3.50822	2.23763	0.000103021	10.0422
29 	24    	3.50752	2.23763	0.000102342	10.0684
30 	24    	3.50709	2.23811	0.000102342	10.0684
31 	24    	3.50644	2.23766	0.000102342	10.0648
32 	24    	3.50499	2.23807	4.47816e-05	10.0838
33 	24    	3.50165	2.2373 	4.47816e-05	10.0838
34 	24    	3.49874	2.23704	4.47816e-05	10.0838
35 	24    	3.49253	2.23547	4.47816e-05	10.0838
36 	24    	3.48771	2.23445	4.47816e-05	10.0838
37 	24    	3.47632	2.23074	7.20243e-05	10.0587
38 	24    	3.46978	2.22911	7.20243e-05	10.0847
39 	24    	3.45341	2.22541	7.20243e-05	10.0735
40 	24    	3.44845	2.22399	7.20243e-05	10.0735
41 	24    	3.44284	2.22204	7.20243e-05	10.0735
42 	24    	3.44123	2.22129	7.20243e-05	10.0595
43 	24    	3.44014	2.22117	0.000126804	10.0675
44 	24    	3.43985	2.22122	0.000111862	10.068 
45 	24    	3.43919	2.22143	0.000111862	10.068 
46 	24    	3.43875	2.22122	0.000111862	10.068 
47 	24    	3.428  	2.20266	0.000111862	10.068 
48 	24    	3.41747	2.18378	0.000111862	10.068 
49 	24    	3.38546	2.12582	6.28193e-05	10.0625
50 	24    	3.3221 	2.00453	6.28193e-05	10.0625
51 	24    	3.2279 	1.80371	6.28193e-05	10.0625
52 	24    	3.1848 	1.70543	6.28193e-05	6.99717
53 	24    	3.18331	1.7051 	0.000107248	6.99619
54 	24    	3.18242	1.70463	5.73074e-05	6.99776
55 	24    	3.18199	1.70491	5.73074e-05	6.99776
56 	24    	3.18176	1.70476	5.73074e-05	6.99776
57 	24    	3.1813 	1.70468	5.73074e-05	6.99776
58 	24    	3.18103	1.70465	5.73074e-05	6.99776
59 	24    	3.18103	1.70465	5.73074e-05	6.99776
60 	24    	3.18062	1.70455	5.73074e-05	6.99776
61 	24    	3.18033	1.70443	5.73074e-05	6.99776
62 	24    	3.18032	1.70435	5.73074e-05	6.99776
63 	24    	3.18029	1.70436	5.73074e-05	6.99776
64 	24    	3.18024	1.70473	5.73074e-05	6.99776
65 	24    	3.18006	1.70499	0.000157428	6.99776
66 	24    	3.18004	1.70507	0.000157428	6.99776
67 	24    	3.17996	1.70506	0.000157428	6.99776
68 	24    	3.17973	1.70516	0.000138327	6.99776
69 	24    	3.17967	1.70519	7.67912e-05	6.99776
70 	24    	3.17954	1.70497	7.67912e-05	6.99776
71 	24    	3.17954	1.70497	7.67912e-05	6.99776
72 	24    	3.17938	1.70498	7.36946e-05	6.99619
73 	24    	3.17933	1.70482	7.36946e-05	6.99619
74 	24    	3.17923	1.70489	7.36946e-05	6.99619
75 	24    	3.17907	1.70501	7.36946e-05	6.98981
76 	24    	3.17903	1.70539	7.36946e-05	6.98981
77 	24    	3.17901	1.70547	7.36946e-05	6.98981
78 	24    	3.17901	1.70547	7.36946e-05	6.98981
79 	24    	3.17894	1.70541	7.36946e-05	6.98981
80 	24    	3.17892	1.70542	7.36946e-05	6.98981
81 	24    	3.17856	1.70558	7.36946e-05	6.98981
82 	24    	3.17856	1.70558	7.36946e-05	6.98981
83 	24    	3.17856	1.70558	7.36946e-05	6.98981
84 	24    	3.17852	1.70574	7.36946e-05	6.98981
85 	24    	3.17848	1.70605	7.36946e-05	6.98981
86 	24    	3.17844	1.7063 	7.36946e-05	6.98974
87 	24    	3.17833	1.7073 	7.36946e-05	6.98974
88 	24    	3.17752	1.70692	7.36946e-05	6.98979
89 	24    	3.17643	1.70652	7.36946e-05	6.98979
90 	24    	3.1754 	1.70579	7.36946e-05	6.98979
91 	24    	3.17198	1.70407	7.36946e-05	6.98979
92 	24    	3.16886	1.70164	7.36946e-05	6.98628
93 	24    	3.16325	1.69815	7.36946e-05	6.9882 
94 	24    	3.1581 	1.69549	8.34395e-05	6.99084
95 	24    	3.15327	1.69335	3.86915e-05	7.00092
96 	24    	3.14663	1.69239	3.86915e-05	7.00092
97 	24    	3.1408 	1.69199	6.38056e-05	6.9921 
98 	24    	3.13136	1.69105	0.000121425	6.9921 
99 	24    	3.12816	1.69053	4.0481e-05 	6.99276
100	24    	3.12646	1.69034	4.0481e-05 	6.99054
101	24    	3.12484	1.69027	4.76587e-05	6.99054
102	24    	3.12268	1.69029	4.76587e-05	6.99054
103	24    	3.12111	1.69036	4.76587e-05	6.99059
104	24    	3.11555	1.69076	8.56847e-05	6.99362
105	24    	3.11075	1.691  	8.56847e-05	6.99362
106	24    	3.10658	1.69138	8.56847e-05	6.99362
107	24    	3.10579	1.69126	8.56847e-05	6.99362
108	24    	3.10515	1.69095	8.56847e-05	6.99362
109	24    	3.10481	1.69107	8.56847e-05	6.99362
110	24    	3.10468	1.6912 	8.56847e-05	6.99362
111	24    	3.10446	1.69122	6.0396e-05 	6.99158
112	24    	3.10434	1.69135	8.56847e-05	6.99158
113	24    	3.10424	1.69139	8.56847e-05	6.99158
114	24    	3.10423	1.69146	8.56847e-05	6.99158
115	24    	3.10415	1.69141	8.56847e-05	6.99158
116	24    	3.1041 	1.69131	8.56847e-05	6.99038
117	24    	3.10406	1.69116	8.56847e-05	6.99038
118	24    	3.10401	1.69109	8.56847e-05	6.99038
119	24    	3.10385	1.69096	8.56847e-05	6.99038
120	24    	3.10375	1.69083	8.56847e-05	6.99038
--- 7424.3826270103455 seconds ---
ran GA
