preds
RHEB
['IRS1', 'PIK3AP1', 'TSC1']
preds
TSC2
['MCL1', 'TSC1', 'PIK3AP1']
preds
TSC1
['PIK3AP1', 'TSC2', 'THEM4']
preds
PDPK1
['CRTC2', 'RAC1', 'BCL2L1']
preds
PTEN
['BCL2', 'NOS3', 'CDKN1B']
preds
IRS1
['PTK2', 'CRTC2', 'BCL2L1']
preds
GSK3B
['MYB', 'NOS3', 'NR4A1']
preds
CDKN1B
['THEM4', 'FOXO3', 'PTEN']
preds
FOXO3
['THEM4', 'NOS3', 'CDKN1B']
preds
BAD
['PDPK1', 'RAC1', 'IRS1']
preds
MDM2
['MYB', 'BCL2', 'THEM4']
preds
BCL2L1
['IRS1', 'RAC1', 'PTK2']
preds
GRB2
['CDC37', 'BCL2L1', 'STK11']
preds
THEM4
['CDKN1B', 'FOXO3', 'BCL2']
preds
CDC37
['CASP9', 'BCL2L1', 'GRB2']
preds
NOS3
['GSK3B', 'FOXO3', 'PTEN']
preds
CRTC2
['IRS1', 'RAC1', 'PTK2']
preds
CDKN1A
['BCL2', 'THEM4', 'NOS3']
preds
CASP9
['CDC37', 'RAC1', 'IRS1']
preds
RAF1
['RAC1', 'PTK2', 'CRTC2']
preds
CD19
['CDC37', 'GRB2', 'IRS1']
preds
PTK2
['IRS1', 'BCL2L1', 'CRTC2']
preds
RAC1
['BCL2L1', 'CRTC2', 'PDPK1']
preds
BRCA1
['CRTC2', 'PTK2', 'CASP9']
preds
BCL2
['PTEN', 'MDM2', 'THEM4']
preds
MCL1
['TSC2', 'PIK3AP1', 'BCL2']
preds
MYB
['GSK3B', 'MDM2', 'NR4A1']
preds
PIK3AP1
['TSC1', 'MCL1', 'TSC2']
preds
NR4A1
['GSK3B', 'MYB', 'BCL2']
gen	nevals	avg    	std    	min        	max    
0  	24    	8.27166	5.02678	0.000546838	21.7352
1  	24    	7.35498	4.48351	0.000546838	20.8279
2  	24    	6.93878	4.33532	0.000546838	19.7596
3  	24    	6.64757	3.91968	0.000546838	19.7596
4  	24    	6.43846	3.74309	0.000546838	19.7596
5  	24    	6.22515	3.71267	0.00711397 	20.8345
6  	24    	5.96557	3.52319	0.00970583 	18.5616
7  	24    	5.8527 	3.29099	0.000436673	18.5616
8  	24    	5.71195	3.19828	0.000557768	18.5616
9  	24    	5.57857	3.10713	0.0240672  	16.162 
10 	24    	5.45912	2.96257	0.0240672  	16.162 
11 	24    	5.33896	2.86623	0.123366   	12.2276
12 	24    	5.29681	2.85958	0.123366   	12.2266
13 	24    	5.2658 	2.85246	0.121981   	12.2266
14 	24    	5.25236	2.88384	0.121981   	12.2266
15 	24    	5.23335	2.82915	0.121981   	12.2266
16 	24    	5.22044	2.74982	0.121981   	12.2265
17 	24    	5.18286	2.63398	0.121981   	12.2279
18 	24    	5.1288 	2.54952	0.121981   	12.2279
19 	24    	5.08409	2.62231	0.122168   	12.2279
20 	24    	5.03014	2.54048	0.120933   	12.2257
21 	24    	4.88223	2.36615	0.114517   	10.8626
22 	24    	4.79096	2.09745	0.120001   	9.31672
23 	24    	4.77817	2.09234	0.120001   	9.31728
24 	24    	4.75499	2.08468	0.120001   	9.31684
25 	24    	4.71439	2.06978	0.120001   	9.3176 
26 	24    	4.65841	2.04993	0.120344   	9.3176 
27 	24    	4.65457	2.05176	0.121741   	9.31654
28 	24    	4.65441	2.05168	0.121746   	9.31645
29 	24    	4.65182	2.0532 	0.117654   	9.31645
30 	24    	4.64933	2.05488	0.117654   	9.31645
31 	24    	4.6461 	2.0569 	0.117654   	9.31645
32 	24    	4.63157	2.067  	0.117654   	9.31981
33 	24    	4.60294	2.08635	0.117654   	9.31981
34 	24    	4.58206	2.09663	0.108737   	9.31981
35 	24    	4.57796	2.10129	0.108737   	9.31812
36 	24    	4.56488	2.10421	0.108737   	9.31812
37 	24    	4.54458	2.11108	0.108621   	9.31855
38 	24    	4.52306	2.13353	0.118059   	9.31756
39 	24    	4.52222	2.13338	0.117479   	9.31693
40 	24    	4.52087	2.13312	0.117479   	9.31564
41 	24    	4.51969	2.13311	0.119333   	9.31856
42 	24    	4.5156 	2.13268	0.119333   	9.31871
43 	24    	4.50981	2.13322	0.119457   	9.31871
44 	24    	4.49979	2.13409	0.11916    	9.3188 
45 	24    	4.49631	2.13462	0.11916    	9.31912
46 	24    	4.49044	2.13119	0.118274   	9.31912
47 	24    	4.47964	2.12355	0.117672   	9.31616
48 	24    	4.46429	2.11594	0.110943   	9.32003
49 	24    	4.45419	2.10501	0.109949   	9.32003
50 	24    	4.44327	2.086  	0.1092     	9.32003
51 	24    	4.43035	2.07238	0.1092     	9.32003
52 	24    	4.42076	2.05555	0.110804   	9.31626
53 	24    	4.40801	2.05734	0.108851   	9.31761
54 	24    	4.39961	2.05421	0.108851   	9.31821
55 	24    	4.39327	2.05956	0.108042   	9.31821
56 	24    	4.38224	2.06447	0.108851   	9.31821
57 	24    	4.36653	2.0584 	0.108796   	9.31821
58 	24    	4.3635 	2.05812	0.107895   	9.31821
59 	24    	4.36083	2.05718	0.107895   	9.31748
60 	24    	4.35622	2.05465	0.108256   	9.31748
61 	24    	4.34816	2.04774	0.108766   	9.31748
62 	24    	4.33239	2.03608	0.108537   	9.31674
63 	24    	4.30855	2.0338 	0.0281833  	10.2688
64 	24    	4.30623	2.03208	0.0281833  	10.2688
65 	24    	4.3015 	2.03424	0.0281833  	10.2688
66 	24    	4.29881	2.0349 	0.0281833  	10.2688
67 	24    	4.28983	2.03635	0.0281833  	10.2688
68 	24    	4.27541	2.02472	0.0281833  	10.2688
69 	24    	4.25682	2.03982	0.0281833  	12.1386
70 	24    	4.24841	2.0286 	0.0204098  	10.2688
71 	24    	4.24416	2.03212	0.0204098  	10.2688
72 	24    	4.24334	2.02677	0.0204098  	10.2688
73 	24    	4.23481	2.05017	0.0204098  	10.2688
74 	24    	4.22932	2.09838	0.0204098  	10.2688
75 	24    	4.21604	2.16291	0.0198872  	10.2688
76 	24    	4.19744	2.28913	0.0198872  	10.2688
77 	24    	4.17333	2.3947 	0.0189962  	10.4051
78 	24    	4.13014	2.41591	0.0189962  	10.4051
79 	24    	4.08269	2.45178	0.0189962  	10.4051
80 	24    	4.06976	2.43778	0.0214159  	10.2545
81 	24    	4.06607	2.42928	0.0214159  	10.2475
82 	24    	4.06574	2.42894	0.0214159  	10.2381
83 	24    	4.06531	2.428  	0.0209245  	10.238 
84 	24    	4.05739	2.41908	0.0209245  	10.2263
85 	24    	4.04074	2.39829	0.0213644  	10.2156
86 	24    	4.0173 	2.36492	0.0193118  	10.2095
87 	24    	4.008  	2.3516 	0.0193118  	9.46654
88 	24    	3.98043	2.32122	0.0193118  	11.9822
89 	24    	3.92324	2.27682	0.0185737  	12.042 
90 	24    	3.89226	2.24836	0.0185737  	11.9822
91 	24    	3.89068	2.26203	0.0191142  	11.9822
92 	24    	3.89036	2.28229	0.0201394  	11.9822
93 	24    	3.88442	2.30872	0.020883   	11.9823
94 	24    	3.87879	2.31946	0.020883   	11.9823
95 	24    	3.86853	2.33151	0.020883   	11.9825
96 	24    	3.84688	2.35514	0.020883   	11.9839
97 	24    	3.81865	2.37101	0.020883   	12.1374
98 	24    	3.73819	2.37287	0.020883   	13.8732
99 	24    	3.70582	2.36533	0.020883   	13.8732
100	24    	3.66386	2.37537	0.0218794  	13.8732
101	24    	3.6554 	2.35588	0.0218794  	13.8732
102	24    	3.65371	2.35401	0.0214118  	13.8357
103	24    	3.64824	2.36059	0.0214118  	13.8357
104	24    	3.6421 	2.35595	0.0214118  	13.8809
105	24    	3.62317	2.37131	0.0214118  	13.8809
106	24    	3.60586	2.38049	0.0223126  	13.9595
107	24    	3.56835	2.43495	0.0183239  	13.9595
108	24    	3.54669	2.49447	0.0210396  	13.9705
109	24    	3.54078	2.49429	0.0223626  	13.9705
110	24    	3.5401 	2.49349	0.0214516  	13.9039
111	24    	3.53885	2.47867	0.0214516  	13.9092
112	24    	3.53857	2.47873	0.020282   	13.9092
113	24    	3.53747	2.46404	0.020282   	13.9039
114	24    	3.53547	2.43395	0.020282   	13.9074
115	24    	3.5325 	2.38778	0.020282   	13.9074
116	24    	3.52675	2.29219	0.020282   	13.9074
117	24    	3.52206	2.20987	0.020282   	13.9074
118	24    	3.50913	2.09855	0.0223274  	9.13178
119	24    	3.50148	2.09028	0.0174534  	9.13178
120	24    	3.4942 	2.07825	0.0174534  	9.41679
--- 18630.325718164444 seconds ---
ran GA
