preds
F11R
['CXCR4', 'CDC42', 'ICAM1']
preds
ITGAL
['CTNNB1', 'RASSF5', 'JAM3']
preds
RHOA
['RAC1', 'RAC2', 'F11R']
preds
JAM3
['BCAR1', 'ITGAL', 'RHOA']
preds
RAC1
['RHOA', 'CDC42', 'F11R']
preds
RAC2
['RHOA', 'PTK2', 'CXCR4']
preds
RASSF5
['SIPA1', 'PXN', 'PTK2B']
preds
PTK2B
['CTNNB1', 'RASSF5', 'ITGAL']
preds
CXCR4
['F11R', 'CDC42', 'RHOA']
preds
ICAM1
['F11R', 'PTK2', 'CXCR4']
preds
CDC42
['RAC1', 'F11R', 'CXCR4']
gen	nevals	avg    	std    	min       	max    
0  	24    	7.43847	4.94695	0.00013321	20.1086
1  	24    	6.20996	4.18624	0.000126917	19.971 
2  	24    	5.74915	3.80398	0.000144368	19.1078
3  	24    	5.43799	3.40837	6.68444e-05	19.1078
4  	24    	5.23726	3.1279 	3.74824e-05	18.1385
5  	24    	5.19518	3.21339	8.70612e-05	18.1385
6  	24    	5.12015	3.09834	8.70612e-05	18.1385
7  	24    	5.09364	3.13265	8.70612e-05	18.1385
8  	24    	5.02885	3.0035 	8.68026e-05	18.1385
9  	24    	4.98712	2.99167	0.000102767	15.3264
10 	24    	4.90703	3.02511	0.00010837 	15.3264
11 	24    	4.82451	2.87611	8.45621e-05	14.1546
12 	24    	4.72416	2.86598	0.00010837 	14.1546
13 	24    	4.64552	2.89285	0.000121346	14.1546
14 	24    	4.56217	2.81506	0.000121346	14.1546
15 	24    	4.41395	2.74467	0.000121346	11.6426
16 	24    	4.38911	2.61644	0.000121346	11.6426
17 	24    	4.34108	2.50368	0.000110971	11.6394
18 	24    	4.33108	2.44377	0.000124455	9.74836
19 	24    	4.32871	2.44575	0.000124455	9.74836
20 	24    	4.32204	2.45221	0.000100909	9.73911
21 	24    	4.32   	2.45442	0.000139908	9.74651
22 	24    	4.31983	2.45484	7.91124e-05	9.74651
23 	24    	4.31977	2.455  	7.91124e-05	9.74651
24 	24    	4.31974	2.45506	7.91124e-05	9.74651
25 	24    	4.31899	2.45494	7.91124e-05	9.74651
26 	24    	4.31873	2.45435	0.000137723	9.74651
27 	24    	4.31729	2.45484	0.000137723	9.74651
28 	24    	4.31525	2.45476	0.000131603	9.74651
29 	24    	4.31205	2.45446	0.00010224 	9.74539
30 	24    	4.30994	2.46505	2.41373e-05	9.7406 
31 	24    	4.30857	2.47308	2.41373e-05	9.73683
32 	24    	4.30823	2.47351	6.47167e-05	9.73695
33 	24    	4.30812	2.47397	1.36745e-05	9.73769
34 	24    	4.30491	2.46777	9.09362e-05	9.73961
35 	24    	4.30184	2.4617 	7.28546e-05	9.73961
36 	24    	4.29291	2.44318	9.09362e-05	9.73961
37 	24    	4.27758	2.41206	7.41982e-05	9.73961
38 	24    	4.24717	2.34791	7.41982e-05	9.73683
39 	24    	4.23421	2.32249	4.52282e-05	9.0933 
40 	24    	4.22929	2.31633	4.02809e-05	9.10092
41 	24    	4.22476	2.30982	6.58058e-05	9.10943
42 	24    	4.22458	2.31009	6.58058e-05	9.10943
43 	24    	4.21184	2.28944	6.7793e-05 	9.10943
44 	24    	4.18319	2.26217	6.32711e-05	9.39137
45 	24    	4.14167	2.21309	6.32711e-05	9.39137
46 	24    	4.11725	2.1779 	2.08772e-05	9.04479
47 	24    	4.09467	2.18501	4.01858e-05	9.04479
48 	24    	4.06935	2.19769	4.01858e-05	9.05372
49 	24    	4.02081	2.23026	4.01858e-05	9.05889
50 	24    	3.98467	2.16819	8.39076e-05	8.50599
51 	24    	3.97679	2.15828	9.40522e-05	8.2503 
52 	24    	3.97108	2.14988	9.40522e-05	8.2503 
53 	24    	3.95311	2.11978	9.40522e-05	8.2503 
54 	24    	3.94064	2.09996	5.7185e-05 	7.28264
55 	24    	3.94007	2.10347	5.7185e-05 	7.28264
56 	24    	3.93998	2.10336	5.7185e-05 	7.28264
57 	24    	3.93982	2.10366	5.7185e-05 	7.27565
58 	24    	3.93969	2.10377	4.82761e-05	7.27734
59 	24    	3.93946	2.10375	5.7185e-05 	7.27763
60 	24    	3.93935	2.10359	5.7185e-05 	7.30009
61 	24    	3.9393 	2.1036 	5.7185e-05 	7.30009
62 	24    	3.93915	2.10342	5.7185e-05 	7.30009
63 	24    	3.93911	2.10346	5.7185e-05 	7.30009
64 	24    	3.9389 	2.10311	0.000152804	7.30893
65 	24    	3.93886	2.10314	0.000133889	7.30893
66 	24    	3.93858	2.10311	0.000152804	7.30893
67 	24    	3.93832	2.10282	0.000152804	7.31733
68 	24    	3.93779	2.10226	9.71905e-05	7.31733
69 	24    	3.93633	2.10112	7.19975e-05	7.32253
70 	24    	3.93478	2.0999 	6.90113e-05	7.32253
71 	24    	3.93314	2.09904	6.90113e-05	7.3238 
72 	24    	3.93278	2.09925	6.90113e-05	7.3238 
73 	24    	3.93259	2.09951	7.19975e-05	7.3238 
74 	24    	3.92929	2.09191	7.19975e-05	8.21388
75 	24    	3.92612	2.08427	7.39302e-05	8.21468
76 	24    	3.92268	2.07744	0.000117699	8.21468
77 	24    	3.91272	2.07148	5.11797e-05	8.24437
78 	24    	3.90109	2.05415	8.05888e-05	8.24437
79 	24    	3.89614	2.0426 	2.30443e-05	8.24437
80 	24    	3.8925 	2.03136	2.30443e-05	8.24437
81 	24    	3.88411	2.00314	2.30443e-05	8.24437
82 	24    	3.86951	1.97163	4.50153e-05	8.24437
83 	24    	3.86116	1.96493	4.50153e-05	8.24437
84 	24    	3.85661	1.96629	9.44518e-05	8.24437
85 	24    	3.85193	1.96762	6.94265e-05	8.24437
86 	24    	3.83329	1.97553	6.01812e-05	8.24437
87 	24    	3.81594	1.98314	5.31603e-05	8.24437
88 	24    	3.81457	1.9806 	5.31603e-05	8.24437
89 	24    	3.81341	1.97921	5.31603e-05	8.24437
90 	24    	3.80249	1.98375	0.000107606	8.25482
91 	24    	3.79578	1.98533	6.02866e-05	8.25482
92 	24    	3.78084	1.98789	6.02866e-05	8.26119
93 	24    	3.76039	1.99626	6.90117e-05	8.32136
94 	24    	3.75396	2.00169	0.000114696	8.32136
95 	24    	3.75264	2.00216	7.84153e-05	8.3302 
96 	24    	3.75084	2.00394	5.83386e-05	8.33261
97 	24    	3.74929	2.00532	5.83386e-05	8.34076
98 	24    	3.74702	2.00726	5.83386e-05	8.34076
99 	24    	3.74352	2.01098	5.83386e-05	8.34076
100	24    	3.73656	2.01779	4.25847e-05	8.34076
101	24    	3.73593	2.01738	4.25847e-05	8.33682
102	24    	3.73553	2.01719	5.35709e-05	8.33682
103	24    	3.73531	2.01691	5.35709e-05	8.33181
104	24    	3.73518	2.01694	5.35709e-05	8.33181
105	24    	3.73516	2.0169 	5.35709e-05	8.33181
106	24    	3.73516	2.0169 	5.35709e-05	8.33181
107	24    	3.73506	2.01682	5.35709e-05	8.32902
108	24    	3.73504	2.01685	5.35709e-05	8.33147
109	24    	3.73504	2.01685	5.35709e-05	8.33147
110	24    	3.73489	2.01674	5.35709e-05	8.33147
111	24    	3.73377	2.0162 	5.35709e-05	8.33147
112	24    	3.73372	2.01625	5.35709e-05	8.33147
113	24    	3.73167	2.01534	0.000111733	8.33147
114	24    	3.73166	2.01531	7.97228e-05	8.33147
115	24    	3.72836	2.01389	0.000132516	8.33164
116	24    	3.72617	2.01305	0.000132516	8.33164
117	24    	3.72398	2.01208	0.000119743	8.33164
118	24    	3.7178 	2.0097 	0.000119743	8.33164
119	24    	3.71207	2.00708	0.000152228	8.33707
120	24    	3.70681	2.01625	0.00012804 	10.6602
--- 8112.177860498428 seconds ---
ran GA
