slurmstepd: error: task/cgroup: unable to add task[pid=36162] to memory cg '(null)'
preds
RHEB
['GRB2', 'TSC1', 'NR4A1']
preds
TSC2
['TSC1', 'PIK3AP1', 'BCL2']
preds
TSC1
['TSC2', 'PTEN', 'CDKN1B']
preds
PDPK1
['IRS1', 'CRTC2', 'RAC1']
preds
PTEN
['MDM2', 'GSK3B', 'NR4A1']
preds
IRS1
['PDPK1', 'PTK2', 'STK11']
preds
GSK3B
['PTEN', 'NOS3', 'BCL2']
preds
CDKN1B
['THEM4', 'NR4A1', 'FOXO3']
preds
FOXO3
['NOS3', 'CDKN1B', 'BCL2']
preds
BAD
['PDPK1', 'IRS1', 'BCL2L1']
preds
MDM2
['PTEN', 'MYB', 'BCL2']
preds
BCL2L1
['IRS1', 'RAC1', 'PTK2']
preds
GRB2
['CDC37', 'RHEB', 'PTK2']
preds
THEM4
['CDKN1B', 'BCL2', 'GSK3B']
preds
CDC37
['CASP9', 'GRB2', 'RAC1']
preds
NOS3
['GSK3B', 'FOXO3', 'NR4A1']
preds
CRTC2
['EIF4E', 'PTK2', 'PDPK1']
preds
CDKN1A
['THEM4', 'GSK3B', 'MYB']
preds
CASP9
['CDC37', 'EIF4EBP1', 'IRS1']
preds
RAF1
['BRCA1', 'RAC1', 'GRB2']
preds
CD19
['SYK', 'BCL2L1', 'IRS1']
preds
PTK2
['IRS1', 'BCL2L1', 'CRTC2']
preds
RAC1
['BCL2L1', 'IRS1', 'PDPK1']
preds
BRCA1
['CRTC2', 'PTK2', 'CDC37']
preds
BCL2
['MDM2', 'THEM4', 'GSK3B']
preds
MCL1
['PIK3AP1', 'BCL2', 'PTEN']
preds
MYB
['MDM2', 'THEM4', 'CDKN1A']
preds
PIK3AP1
['MCL1', 'TSC2', 'NOS3']
preds
NR4A1
['CDKN1B', 'NOS3', 'BCL2']
gen	nevals	avg    	std    	min      	max    
0  	24    	9.01509	5.70214	0.0205792	21.7352
1  	24    	7.84071	5.28702	0.0205792	21.7352
2  	24    	7.16   	4.80448	0.0205792	21.7352
3  	24    	6.74794	4.63934	0.00575586	21.7352
4  	24    	6.50536	4.45161	0.00890019	21.7352
5  	24    	6.25619	4.12343	0.00890019	20.1823
6  	24    	6.13381	4.00373	0.00890019	20.1823
7  	24    	6.05883	3.9907 	0.00890019	20.1823
8  	24    	6.01864	4.01483	0.134063  	19.9039
9  	24    	5.92365	4.08388	0.134206  	19.9039
10 	24    	5.87433	4.16065	0.142199  	19.9039
11 	24    	5.81189	4.12816	0.142199  	18.6008
12 	24    	5.77198	4.19196	0.142199  	18.6008
13 	24    	5.70132	4.24419	0.0271615 	18.6008
14 	24    	5.63323	4.18469	0.0271615 	18.6008
15 	24    	5.59064	4.11478	0.0271615 	18.6008
16 	24    	5.50757	4.01154	0.0271615 	18.6008
17 	24    	5.34829	3.90671	0.0284993 	18.6008
18 	24    	5.30659	3.81775	0.0282015 	21.7352
19 	24    	5.18972	3.56188	0.0282015 	21.7352
20 	24    	5.09221	3.40802	0.0282015 	18.6008
21 	24    	4.97906	3.45393	0.0286336 	18.6008
22 	24    	4.84892	3.41214	0.0286336 	18.6008
23 	24    	4.77439	3.36645	0.0286336 	17.2233
24 	24    	4.73671	3.31373	0.0286336 	17.204 
25 	24    	4.69339	3.24389	0.028991  	17.204 
26 	24    	4.61538	3.13307	0.0297961 	17.204 
27 	24    	4.60648	3.13189	0.0286392 	17.204 
28 	24    	4.60399	3.13143	0.0282307 	17.1579
29 	24    	4.60333	3.13115	0.0282307 	17.1765
30 	24    	4.60276	3.13127	0.0282307 	17.1765
31 	24    	4.60182	3.13116	0.0287432 	17.2308
32 	24    	4.60012	3.13182	0.0289026 	17.2308
33 	24    	4.59851	3.13127	0.0281204 	17.1628
34 	24    	4.59709	3.13096	0.0281204 	17.1596
35 	24    	4.59487	3.13142	0.0281204 	17.1945
36 	24    	4.59239	3.13196	0.0281204 	17.1945
37 	24    	4.5796 	3.13228	0.0281204 	17.1945
38 	24    	4.56521	3.13322	0.0287017 	17.1945
39 	24    	4.55011	3.12972	0.0287548 	17.1886
40 	24    	4.53014	3.12646	0.0287548 	17.1792
41 	24    	4.48872	3.12106	0.0287548 	17.1876
42 	24    	4.45598	3.11715	0.0290258 	17.1979
43 	24    	4.45546	3.11629	0.029137  	17.1979
44 	24    	4.45516	3.11589	0.028477  	17.1643
45 	24    	4.45459	3.11549	0.028477  	17.1643
46 	24    	4.45445	3.11517	0.028477  	17.1643
47 	24    	4.45414	3.11471	0.028477  	17.1643
48 	24    	4.45394	3.11488	0.028477  	17.1643
49 	24    	4.45382	3.11504	0.028477  	17.1643
50 	24    	4.4534 	3.1146 	0.028477  	17.1643
51 	24    	4.45301	3.11424	0.028477  	17.1575
52 	24    	4.45172	3.11435	0.028477  	17.2346
53 	24    	4.44997	3.11395	0.028477  	17.2346
54 	24    	4.44241	3.11248	0.0286747 	17.2346
55 	24    	4.43856	3.10961	0.0292396 	17.1843
56 	24    	4.43388	3.10684	0.0283395 	17.1843
57 	24    	4.42622	3.10516	0.0283395 	17.1983
58 	24    	4.4203 	3.10489	0.0286722 	17.1983
59 	24    	4.41299	3.10456	0.0286722 	17.1983
60 	24    	4.4128 	3.10369	0.0286722 	17.1983
61 	24    	4.38641	3.10612	0.0284155 	17.1983
62 	24    	4.34983	3.10879	0.0483861 	17.2047
63 	24    	4.34351	3.10514	0.0487977 	17.1861
64 	24    	4.33813	3.10107	0.0486097 	17.1822
65 	24    	4.33533	3.10065	0.0495042 	17.1822
66 	24    	4.33433	3.10103	0.0507618 	17.1782
67 	24    	4.33385	3.10102	0.0496599 	17.1917
68 	24    	4.33368	3.10054	0.0497167 	17.1853
69 	24    	4.33346	3.10045	0.0497167 	17.1853
70 	24    	4.33332	3.10006	0.0497167 	17.1853
71 	24    	4.33316	3.09995	0.0473761 	17.1598
72 	24    	4.33243	3.10001	0.0473761 	17.1598
73 	24    	4.33203	3.10035	0.0473761 	17.2438
74 	24    	4.3266 	3.0747 	0.0473761 	17.2438
75 	24    	4.317  	3.04494	0.0505906 	17.2438
76 	24    	4.30581	2.9934 	0.0505906 	17.2438
77 	24    	4.28677	2.9329 	0.0505906 	17.2438
78 	24    	4.25516	2.81157	0.0508611 	17.2438
79 	24    	4.21043	2.6199 	0.0486543 	17.2015
80 	24    	4.14121	2.32542	0.0498734 	11.9079
81 	24    	4.11433	2.29194	0.04972   	11.9114
82 	24    	4.11184	2.29174	0.0498734 	11.9047
83 	24    	4.1087 	2.29079	0.0495813 	11.9066
84 	24    	4.10307	2.29155	0.0492896 	11.9076
85 	24    	4.10177	2.29153	0.0492896 	11.9068
86 	24    	4.10068	2.29409	0.0492896 	11.9068
87 	24    	4.09792	2.29693	0.0492896 	11.9066
88 	24    	4.0954 	2.29737	0.047571  	11.906 
89 	24    	4.09175	2.30491	0.047571  	11.906 
90 	24    	4.08684	2.29566	0.047571  	11.906 
91 	24    	4.0848 	2.3    	0.0481707 	11.906 
92 	24    	4.08212	2.30675	0.0481707 	11.9065
93 	24    	4.07922	2.305  	0.0481707 	11.9065
94 	24    	4.07293	2.29225	0.0491639 	11.9085
95 	24    	4.06583	2.28815	0.050072  	11.9085
96 	24    	4.05914	2.28347	0.050072  	11.9085
97 	24    	4.05456	2.27853	0.050072  	11.9085
98 	24    	4.04571	2.27569	0.050072  	11.9071
99 	24    	4.03854	2.27136	0.0496334 	11.9089
100	24    	4.02954	2.27642	0.0494426 	11.9089
101	24    	4.02326	2.28509	0.0494426 	11.9067
102	24    	4.01433	2.29645	0.0494426 	11.9109
103	24    	4.00664	2.29702	0.0494426 	11.9058
104	24    	4.0043 	2.29566	0.0490581 	11.9075
105	24    	4.00105	2.29006	0.0494426 	11.9052
106	24    	3.9978 	2.2785 	0.0496976 	11.9077
107	24    	3.99525	2.27966	0.0496976 	11.9048
108	24    	3.99463	2.28087	0.0496976 	11.9109
109	24    	3.99326	2.28551	0.0496976 	11.9111
110	24    	3.99009	2.28499	0.0496976 	11.9111
111	24    	3.98771	2.28178	0.0499737 	11.9109
112	24    	3.98556	2.27473	0.0503064 	11.9109
113	24    	3.98394	2.27262	0.0503649 	11.9057
114	24    	3.9827 	2.2716 	0.050079  	11.9048
115	24    	3.98224	2.27124	0.050079  	11.9048
116	24    	3.98027	2.27039	0.050079  	11.9061
117	24    	3.9783 	2.2687 	0.0492832 	11.9049
118	24    	3.97609	2.26644	0.0492832 	11.9055
119	24    	3.97452	2.26591	0.0492832 	11.9055
120	24    	3.97228	2.26668	0.0492832 	11.9064
--- 19868.2203707695 seconds ---
ran GA
