slurmstepd: error: task/cgroup: unable to add task[pid=36190] to memory cg '(null)'
preds
RHEB
['EIF4EBP1', 'PDPK1', 'PTK2']
preds
TSC2
['TSC1', 'BCL2', 'FOXO3']
preds
TSC1
['MCL1', 'PIK3AP1', 'TSC2']
preds
PDPK1
['IRS1', 'CRTC2', 'RAC1']
preds
PTEN
['MDM2', 'BCL2', 'MYB']
preds
IRS1
['PDPK1', 'PTK2', 'CRTC2']
preds
GSK3B
['BCL2', 'NR4A1', 'FOXO3']
preds
CDKN1B
['FOXO3', 'NOS3', 'PTEN']
preds
FOXO3
['NR4A1', 'CDKN1B', 'GSK3B']
preds
BAD
['PDPK1', 'CRTC2', 'BRCA1']
preds
MDM2
['PTEN', 'NR4A1', 'THEM4']
preds
BCL2L1
['RAC1', 'CDC37', 'CASP9']
preds
GRB2
['BCL2L1', 'EIF4E', 'PTK2']
preds
THEM4
['CCND1', 'GSK3B', 'CDKN1A']
preds
CDC37
['CASP9', 'BCL2L1', 'RAC1']
preds
NOS3
['MYB', 'NR4A1', 'PTEN']
preds
CRTC2
['IRS1', 'EIF4EBP1', 'PDPK1']
preds
CDKN1A
['THEM4', 'PTEN', 'NR4A1']
preds
CASP9
['CDC37', 'BCL2L1', 'PTK2']
preds
RAF1
['BRCA1', 'PTK2', 'CDC37']
preds
CD19
['CDC37', 'BCL2L1', 'IRS1']
preds
PTK2
['IRS1', 'RAC1', 'CDC37']
preds
RAC1
['BCL2L1', 'STK11', 'IRS1']
preds
BRCA1
['CDC37', 'CASP9', 'IRS1']
preds
BCL2
['PTEN', 'MYB', 'GSK3B']
preds
MCL1
['TSC1', 'PIK3AP1', 'BCL2']
preds
MYB
['PTEN', 'NOS3', 'BCL2']
preds
PIK3AP1
['TSC1', 'MCL1', 'MDM2']
preds
NR4A1
['FOXO3', 'NOS3', 'GSK3B']
gen	nevals	avg    	std    	min       	max    
0  	24    	9.00718	5.80705	0.00296162	21.7352
1  	24    	8.10657	5.46131	0.00708276	21.7283
2  	24    	7.36735	5.05416	0.0100395 	21.7298
3  	24    	7.082  	4.86177	0.0976445 	25.7224
4  	24    	6.7861 	4.75115	0.0987393 	25.7224
5  	24    	6.4181 	4.30823	0.0970545 	21.7352
6  	24    	6.1653 	3.95847	0.234664  	21.6117
7  	24    	5.96223	3.92778	0.144507  	19.9039
8  	24    	5.81834	3.80247	0.131642  	19.9039
9  	24    	5.48825	3.48311	0.172043  	19.9039
10 	24    	5.2455 	3.23581	0.172043  	25.7789
11 	24    	5.00738	2.91605	0.165282  	19.1101
12 	24    	4.7171 	2.65583	0.133673  	11.9017
13 	24    	4.62809	2.67192	0.133582  	11.9017
14 	24    	4.55864	2.6378 	0.137646  	11.9017
15 	24    	4.49396	2.59466	0.24012   	11.9017
16 	24    	4.45721	2.58365	0.24012   	11.9017
17 	24    	4.4294 	2.58636	0.383218  	11.9017
18 	24    	4.40632	2.52437	0.383573  	11.9017
19 	24    	4.36552	2.48274	0.384881  	11.9017
20 	24    	4.33395	2.44814	0.397766  	11.6533
21 	24    	4.29531	2.39564	0.397756  	11.651 
22 	24    	4.25078	2.34081	0.398018  	11.645 
23 	24    	4.20155	2.27388	0.397427  	11.6223
24 	24    	4.16393	2.25487	0.397427  	11.252 
25 	24    	4.12318	2.26216	0.397427  	11.2619
26 	24    	4.10081	2.26969	0.397427  	11.2482
27 	24    	4.09745	2.26903	0.397427  	11.2595
28 	24    	4.08924	2.2659 	0.397427  	11.2595
29 	24    	4.07368	2.26197	0.397259  	11.2631
30 	24    	4.05618	2.26831	0.397401  	11.2397
31 	24    	4.04376	2.27192	0.397401  	11.2699
32 	24    	3.99929	2.29139	0.397462  	11.2699
33 	24    	3.974  	2.30146	0.3971    	11.2393
34 	24    	3.9726 	2.29939	0.3971    	11.2393
35 	24    	3.97075	2.29498	0.3971    	11.2648
36 	24    	3.9675 	2.28688	0.3971    	11.2648
37 	24    	3.96213	2.27403	0.397525  	11.278 
38 	24    	3.9538 	2.25867	0.397525  	11.278 
39 	24    	3.9525 	2.25583	0.397333  	11.2311
40 	24    	3.95056	2.25541	0.397333  	11.2172
41 	24    	3.94902	2.25584	0.397178  	11.2412
42 	24    	3.94897	2.25606	0.397178  	11.2412
43 	24    	3.94294	2.25576	0.397178  	11.2412
44 	24    	3.9357 	2.2574 	0.397333  	11.2603
45 	24    	3.9199 	2.26129	0.397745  	11.2603
46 	24    	3.91777	2.26022	0.577973  	11.2349
47 	24    	3.91724	2.25969	0.576495  	11.2348
48 	24    	3.91696	2.25925	0.576495  	11.2217
49 	24    	3.91663	2.2585 	0.576495  	11.2217
50 	24    	3.91658	2.25845	0.576495  	11.2148
51 	24    	3.91652	2.25848	0.576495  	11.2148
52 	24    	3.9164 	2.25873	0.576495  	11.2244
53 	24    	3.91638	2.25854	0.576495  	11.2244
54 	24    	3.91634	2.25819	0.576495  	11.2244
55 	24    	3.91634	2.25819	0.576495  	11.2244
56 	24    	3.91634	2.2583 	0.576495  	11.2244
57 	24    	3.91627	2.25806	0.576495  	11.2244
58 	24    	3.91618	2.2584 	0.576495  	11.2244
59 	24    	3.91613	2.25822	0.576495  	11.2138
60 	24    	3.91612	2.25817	0.576495  	11.2138
61 	24    	3.91568	2.2573 	0.575595  	11.2374
62 	24    	3.91512	2.25651	0.576495  	11.2374
63 	24    	3.91392	2.25579	0.576495  	11.2374
64 	24    	3.91227	2.25488	0.577267  	11.2556
65 	24    	3.9088 	2.25216	0.577267  	11.2556
66 	24    	3.90619	2.25043	0.578958  	11.2568
67 	24    	3.90514	2.24804	0.577703  	11.2451
68 	24    	3.90234	2.24542	0.577703  	11.2451
69 	24    	3.90164	2.24749	0.459931  	11.2451
70 	24    	3.90034	2.25108	0.459931  	11.2451
71 	24    	3.89462	2.25032	0.459931  	11.2425
72 	24    	3.88534	2.25476	0.459931  	11.2429
73 	24    	3.87621	2.25094	0.459931  	11.2429
74 	24    	3.86164	2.21915	0.459931  	11.2458
75 	24    	3.85031	2.19474	0.639266  	11.2458
76 	24    	3.84964	2.1942 	0.639266  	11.2336
77 	24    	3.84933	2.19396	0.637171  	11.2645
78 	24    	3.84837	2.19418	0.637171  	11.2773
79 	24    	3.84436	2.19284	0.637171  	11.2773
80 	24    	3.8394 	2.19375	0.637171  	11.2773
81 	24    	3.82703	2.19203	0.638678  	11.2773
82 	24    	3.80869	2.18396	0.425532  	11.2579
83 	24    	3.77923	2.17932	0.425532  	11.2579
84 	24    	3.7606 	2.17899	0.429523  	11.2579
85 	24    	3.75474	2.18321	0.421347  	11.2413
86 	24    	3.74073	2.19463	0.410124  	11.2413
87 	24    	3.7237 	2.20956	0.260221  	11.2513
88 	24    	3.6959 	2.23148	0.259695  	11.2513
89 	24    	3.69402	2.23281	0.257211  	11.2309
90 	24    	3.69117	2.23754	0.257211  	11.2309
91 	24    	3.68646	2.2456 	0.25527   	11.2559
92 	24    	3.67822	2.26453	0.25527   	11.2559
93 	24    	3.67518	2.27512	0.25527   	11.2632
94 	24    	3.67419	2.27503	0.254429  	11.2976
95 	24    	3.67212	2.28218	0.254429  	11.2976
96 	24    	3.6696 	2.28534	0.254429  	11.2976
97 	24    	3.66683	2.30384	0.255221  	11.2976
98 	24    	3.6642 	2.30142	0.255221  	11.2976
99 	24    	3.66029	2.29987	0.252977  	11.2763
100	24    	3.66009	2.29045	0.252977  	11.2763
101	24    	3.65972	2.29015	0.251199  	11.2415
102	24    	3.65646	2.29594	0.251199  	11.2415
103	24    	3.65109	2.2984 	0.251199  	11.2415
104	24    	3.64497	2.3094 	0.251199  	11.2497
105	24    	3.63498	2.32362	0.251199  	11.2497
106	24    	3.60687	2.35647	0.254916  	11.2809
107	24    	3.57799	2.39391	0.254691  	11.274 
108	24    	3.56458	2.37022	0.254691  	11.274 
109	24    	3.55887	2.35758	0.254195  	11.8029
110	24    	3.54135	2.32575	0.254955  	11.273 
111	24    	3.52323	2.30615	0.255451  	11.2602
112	24    	3.49854	2.27828	0.176924  	11.2731
113	24    	3.48951	2.25925	0.249735  	11.2649
114	24    	3.48516	2.25872	0.249735  	11.2649
115	24    	3.48229	2.26165	0.249735  	11.2452
116	24    	3.47828	2.26401	0.249735  	11.2575
117	24    	3.4733 	2.26972	0.249488  	11.2575
118	24    	3.46473	2.25598	0.0842492 	11.2575
119	24    	3.46193	2.24266	0.242958  	11.2612
120	24    	3.46102	2.24479	0.242958  	11.2612
--- 19593.039010047913 seconds ---
ran GA
