slurmstepd: error: task/cgroup: unable to add task[pid=36176] to memory cg '(null)'
preds
RHEB
['BRCA1', 'GRB2', 'CDC37']
preds
TSC2
['BCL2', 'FOXO3', 'PTEN']
preds
TSC1
['PIK3AP1', 'PTEN', 'MDM2']
preds
PDPK1
['IRS1', 'RAC1', 'PTK2']
preds
PTEN
['MDM2', 'BCL2', 'GSK3B']
preds
IRS1
['PDPK1', 'PTK2', 'CRTC2']
preds
GSK3B
['PTEN', 'CDKN1B', 'FOXO3']
preds
CDKN1B
['THEM4', 'FOXO3', 'GSK3B']
preds
FOXO3
['THEM4', 'NR4A1', 'NOS3']
preds
BAD
['PDPK1', 'CRTC2', 'RAC1']
preds
MDM2
['PTEN', 'BCL2', 'CDKN1B']
preds
BCL2L1
['IRS1', 'RAC1', 'PTK2']
preds
GRB2
['BCL2L1', 'RHEB', 'CASP9']
preds
THEM4
['CDKN1B', 'FOXO3', 'NOS3']
preds
CDC37
['CASP9', 'RAC1', 'RHEB']
preds
NOS3
['THEM4', 'FOXO3', 'PTEN']
preds
CRTC2
['IRS1', 'RAC1', 'EIF4E']
preds
CDKN1A
['THEM4', 'FOXO3', 'MCL1']
preds
CASP9
['CDC37', 'BCL2L1', 'GRB2']
preds
RAF1
['RAC1', 'PTK2', 'CRTC2']
preds
CD19
['CASP9', 'PDPK1', 'RHEB']
preds
PTK2
['IRS1', 'BCL2L1', 'CRTC2']
preds
RAC1
['BCL2L1', 'CRTC2', 'IRS1']
preds
BRCA1
['RHEB', 'CRTC2', 'PTK2']
preds
BCL2
['PTEN', 'MDM2', 'THEM4']
preds
MCL1
['PIK3AP1', 'BCL2', 'CDKN1A']
preds
MYB
['BCL2', 'NR4A1', 'CDKN1B']
preds
PIK3AP1
['TSC1', 'MCL1', 'GSK3B']
preds
NR4A1
['FOXO3', 'THEM4', 'MYB']
gen	nevals	avg    	std    	min       	max    
0  	24    	9.19044	5.73357	0.00249143	26.3472
1  	24    	7.77565	5.26539	0.00249143	26.3472
2  	24    	7.22751	4.8953 	0.018576  	24.7446
3  	24    	6.80642	4.67756	0.0432274 	26.3436
4  	24    	6.44762	4.5263 	0.0204017 	26.3436
5  	24    	6.19331	4.67093	0.0193862 	26.3436
6  	24    	6.02218	4.60039	0.0193862 	26.3436
7  	24    	5.93117	4.4524 	0.0193862 	26.1438
8  	24    	5.7902 	4.10183	0.0193862 	26.1438
9  	24    	5.64536	4.23784	0.0193862 	26.1438
10 	24    	5.52182	4.02571	0.0193862 	26.1771
11 	24    	5.41428	3.82175	0.0203791 	26.1602
12 	24    	5.3465 	4.00525	0.0202619 	26.1602
13 	24    	5.2264 	4.00924	0.0208155 	20.9006
14 	24    	5.07579	4.06941	0.0191377 	20.9029
15 	24    	4.91729	3.67359	0.020536  	20.8932
16 	24    	4.87048	3.54845	0.0199445 	20.8865
17 	24    	4.80926	3.57435	0.0189727 	20.8864
18 	24    	4.74348	3.45178	0.0191292 	20.8834
19 	24    	4.66699	3.99012	0.0191292 	20.8865
20 	24    	4.61678	4.01107	0.0191292 	20.8834
21 	24    	4.5894 	3.87636	0.0192555 	20.8849
22 	24    	4.53382	3.59339	0.0195709 	20.8838
23 	24    	4.48317	3.27926	0.0197341 	19.4599
24 	24    	4.48216	3.27784	0.0193146 	19.4599
25 	24    	4.48168	3.27752	0.0193146 	19.4594
26 	24    	4.4814 	3.27759	0.0193146 	19.4594
27 	24    	4.47841	3.27636	0.0186105 	19.4533
28 	24    	4.47237	3.2736 	0.0186105 	19.4533
29 	24    	4.46214	3.26977	0.0186105 	19.4607
30 	24    	4.44601	3.26353	0.0186105 	19.4607
31 	24    	4.41008	3.24656	0.0186105 	19.4607
32 	24    	4.40775	3.24162	0.0198167 	19.4607
33 	24    	4.40681	3.24035	0.0192099 	19.4557
34 	24    	4.40657	3.24017	0.0192099 	19.4557
35 	24    	4.40629	3.2399 	0.0192099 	19.4556
36 	24    	4.40329	3.23929	0.0195927 	19.4556
37 	24    	4.39991	3.23856	0.0195927 	19.4556
38 	24    	4.39081	3.23656	0.0199387 	19.4572
39 	24    	4.3817 	3.23445	0.0191503 	19.4572
40 	24    	4.36786	3.23086	0.0191503 	19.4572
41 	24    	4.34678	3.22604	0.0191503 	19.4572
42 	24    	4.31734	3.18665	0.0188057 	19.4601
43 	24    	4.30341	3.14978	0.0188057 	19.4601
44 	24    	4.2761 	3.07461	0.0188057 	19.4601
45 	24    	4.26234	3.0361 	0.019321  	19.459 
46 	24    	4.20899	2.87813	0.019321  	19.459 
47 	24    	4.14354	2.66594	0.0186505 	19.459 
48 	24    	4.02667	2.23167	0.0186505 	19.459 
49 	24    	4.00558	2.16823	0.0186505 	9.10749
50 	24    	4.00533	2.16812	0.0192223 	9.10749
51 	24    	4.00517	2.16786	0.0192223 	9.10749
52 	24    	4.00499	2.16766	0.0192223 	9.10749
53 	24    	4.00329	2.16794	0.0192223 	9.10731
54 	24    	3.99554	2.17278	0.0192223 	9.10731
55 	24    	3.97437	2.18741	0.0192223 	9.10731
56 	24    	3.94444	2.21153	0.0192223 	9.10731
57 	24    	3.89951	2.2373 	0.0184327 	9.10546
58 	24    	3.85662	2.27193	0.0194919 	9.10471
59 	24    	3.85363	2.27179	0.0184401 	9.10471
60 	24    	3.85052	2.27248	0.0184401 	9.10529
61 	24    	3.83853	2.27165	0.0195988 	9.10529
62 	24    	3.81711	2.27422	0.0197055 	9.10543
63 	24    	3.78981	2.2708 	0.0191724 	9.10543
64 	24    	3.77471	2.28018	0.0189227 	9.57723
65 	24    	3.76603	2.28157	0.0189227 	9.10543
66 	24    	3.76168	2.28346	0.0190739 	9.10855
67 	24    	3.75939	2.28358	0.0190739 	9.10855
68 	24    	3.75576	2.28276	0.018955  	9.10855
69 	24    	3.74675	2.2861 	0.018955  	9.10855
70 	24    	3.73274	2.29353	0.018955  	9.10855
71 	24    	3.72429	2.30333	0.0195561 	9.10569
72 	24    	3.70813	2.31971	0.0195561 	9.10734
73 	24    	3.67136	2.34517	0.0198401 	9.10734
74 	24    	3.64606	2.36644	0.0196212 	9.10734
75 	24    	3.63492	2.3535 	0.019464  	9.10736
76 	24    	3.62898	2.38194	0.019464  	9.10736
77 	24    	3.62857	2.38206	0.0178994 	9.10944
78 	24    	3.62415	2.37994	0.0178994 	9.10944
79 	24    	3.62296	2.37907	0.019864  	9.10344
80 	24    	3.61621	2.36684	0.019864  	9.10344
81 	24    	3.59451	2.33475	0.0195659 	9.10252
82 	24    	3.57345	2.28587	0.0195659 	9.10539
83 	24    	3.5492 	2.27184	0.0189405 	9.10539
84 	24    	3.53258	2.25058	0.0192111 	8.34443
85 	24    	3.52874	2.24437	0.0189244 	8.34443
86 	24    	3.5252 	2.23832	0.0189244 	8.34413
87 	24    	3.52022	2.22912	0.0189244 	8.34492
88 	24    	3.5103 	2.2107 	0.0189564 	8.34492
89 	24    	3.49565	2.18282	0.0189564 	8.34492
90 	24    	3.49501	2.18299	0.019573  	8.34421
91 	24    	3.49461	2.18309	0.019573  	8.34421
92 	24    	3.49446	2.18307	0.019921  	8.34421
93 	24    	3.49436	2.18314	0.0196446 	8.34421
94 	24    	3.49428	2.18312	0.019921  	8.34421
95 	24    	3.49375	2.18454	0.0194678 	8.34421
96 	24    	3.49367	2.18455	0.0194678 	8.34421
97 	24    	3.49169	2.18912	0.0193357 	8.34421
98 	24    	3.48974	2.19358	0.0193357 	8.34421
99 	24    	3.48666	2.19579	0.0193357 	8.34387
100	24    	3.48328	2.20129	0.0189146 	8.34387
101	24    	3.48161	2.20372	0.0189146 	8.34387
102	24    	3.47922	2.20962	0.0189146 	8.34371
103	24    	3.47695	2.21291	0.0184675 	8.34371
104	24    	3.47325	2.21673	0.0184675 	8.34371
105	24    	3.46825	2.21806	0.0184675 	8.34371
106	24    	3.45974	2.21812	0.0189146 	8.34389
107	24    	3.45469	2.22004	0.0190005 	8.34389
108	24    	3.44865	2.22778	0.0189861 	8.34389
109	24    	3.44638	2.23109	0.0190005 	8.99492
110	24    	3.44078	2.23478	0.0189074 	9.00239
111	24    	3.42978	2.23858	0.0189074 	9.00239
112	24    	3.42394	2.24171	0.0178129 	8.34419
113	24    	3.40967	2.26439	0.0194476 	8.34416
114	24    	3.39315	2.27387	0.0188842 	8.34416
115	24    	3.38761	2.2813 	0.0188842 	8.34397
116	24    	3.38394	2.29424	0.0188842 	8.34386
117	24    	3.37857	2.31156	0.0188842 	8.34399
118	24    	3.37203	2.31276	0.0196907 	8.34399
119	24    	3.36768	2.31751	0.0196907 	8.34422
120	24    	3.36723	2.31734	0.0196907 	8.34422
--- 18734.468202114105 seconds ---
ran GA
