preds
ARNT
['EP300', 'TF', 'TFRC']
preds
EP300
['ARNT', 'TF', 'TFRC']
preds
HIF1A
['NOS3', 'BCL2', 'TLR4']
gen	nevals	avg    	std    	min     	max    
0  	24    	8.72867	4.99793	0.223372	20.7127
1  	24    	7.39438	4.17644	0.223372	20.7127
2  	24    	6.84984	3.86875	0.144005	20.7127
3  	24    	6.47546	3.74608	0.144005	24.6173
4  	24    	6.14167	3.26506	0.144005	19.9039
5  	24    	5.97294	3.14088	0.144005	19.9039
6  	24    	5.78699	2.9584 	0.140964	20.7127
7  	24    	5.67476	2.86144	0.140964	18.2072
8  	24    	5.46501	2.58082	0.140964	18.2072
9  	24    	5.32259	2.30382	0.266812	14.5864
10 	24    	5.21415	2.26654	0.396331	14.4331
11 	24    	5.13776	2.0096 	0.396331	13.7102
12 	24    	5.04865	1.85879	0.478488	10.299 
13 	24    	4.99214	1.89288	0.467266	10.299 
14 	24    	4.91982	2.24378	0.445688	10.3393
15 	24    	4.82705	2.41218	0.467266	10.299 
16 	24    	4.80457	2.43463	0.522984	10.288 
17 	24    	4.76448	2.30575	0.520213	10.2786
18 	24    	4.71317	2.21355	0.51725 	10.2599
19 	24    	4.65919	2.22681	0.51725 	9.32034
20 	24    	4.62187	2.23478	0.51725 	9.32108
21 	24    	4.58462	2.22309	0.51725 	9.32301
22 	24    	4.54946	2.25122	0.524183	9.43652
23 	24    	4.53797	2.30913	1.29088 	9.25511
24 	24    	4.53688	2.32275	1.29088 	9.25511
25 	24    	4.53598	2.32111	1.29844 	9.25511
26 	24    	4.53526	2.32   	1.29844 	9.25617
27 	24    	4.5349 	2.31881	1.29844 	9.25617
28 	24    	4.53462	2.318  	1.29844 	9.25125
29 	24    	4.53409	2.31723	1.31456 	9.25235
30 	24    	4.53399	2.31789	1.31456 	9.26617
31 	24    	4.53378	2.31717	1.31456 	9.25235
32 	24    	4.53356	2.31727	1.31111 	9.25235
33 	24    	4.53354	2.31676	1.31111 	9.25235
34 	24    	4.53354	2.31676	1.31111 	9.25235
35 	24    	4.53354	2.31676	1.31111 	9.25235
36 	24    	4.53346	2.31688	1.31111 	9.25235
37 	24    	4.52387	2.32713	0.201452	9.25235
38 	24    	4.50455	2.3451 	0.199123	9.25235
39 	24    	4.48525	2.36312	0.196907	9.2496 
40 	24    	4.43707	2.4073 	0.196907	9.2496 
41 	24    	4.31233	2.5184 	0.191003	9.2514 
42 	24    	4.30156	2.52653	0.191003	9.26058
43 	24    	4.30062	2.52635	0.186652	9.26058
44 	24    	4.29953	2.52474	0.185753	9.26058
45 	24    	4.29913	2.52416	0.185753	9.26058
46 	24    	4.29912	2.52435	0.185753	9.26058
47 	24    	4.29903	2.52269	0.185753	9.26058
48 	24    	4.29866	2.52132	0.185753	9.26058
49 	24    	4.29858	2.52135	0.185753	9.26058
50 	24    	4.29829	2.52093	0.185753	9.25879
51 	24    	4.29826	2.52123	0.185753	9.25879
52 	24    	4.29811	2.52147	0.185753	9.25879
53 	24    	4.29804	2.52108	0.185753	9.25879
54 	24    	4.29788	2.52108	0.185753	9.25879
55 	24    	4.29788	2.52079	0.185753	9.25879
56 	24    	4.29479	2.51149	0.184384	9.26039
57 	24    	4.2868 	2.48234	0.184384	9.25879
58 	24    	4.27641	2.4431 	0.184384	9.25879
59 	24    	4.25977	2.37326	0.184384	9.25879
60 	24    	4.23418	2.27765	0.187257	8.49905
61 	24    	4.23261	2.27531	0.187257	8.49905
62 	24    	4.22823	2.27305	0.187257	8.49905
63 	24    	4.21357	2.26834	0.187257	8.49905
64 	24    	4.20696	2.2661 	0.185321	8.49905
65 	24    	4.18235	2.25693	0.185321	8.51671
66 	24    	4.15121	2.24877	0.18809 	8.51671
67 	24    	4.1496 	2.24586	0.18809 	8.49719
68 	24    	4.14923	2.24493	0.18809 	8.49338
69 	24    	4.14879	2.24383	0.188755	8.48279
70 	24    	4.14805	2.24257	0.186922	8.47244
71 	24    	4.14784	2.2416 	0.186922	8.47244
72 	24    	4.14768	2.24095	0.186922	8.46045
73 	24    	4.14496	2.247  	0.186209	8.4982 
74 	24    	4.14218	2.25162	0.186922	8.4982 
75 	24    	4.13457	2.26272	0.186922	8.65618
76 	24    	4.12337	2.28012	0.186922	8.65618
77 	24    	4.10156	2.32238	0.186922	8.66795
78 	24    	4.08112	2.3786 	0.191193	8.66795
79 	24    	4.07813	2.38415	0.186412	8.66384
80 	24    	4.07674	2.38459	0.186412	8.63844
81 	24    	4.07631	2.38442	0.185555	8.63976
82 	24    	4.07613	2.38366	0.186412	8.63976
83 	24    	4.07599	2.38364	0.189355	8.63976
84 	24    	4.07587	2.3836 	0.189355	8.63976
85 	24    	4.07511	2.36865	0.188855	8.63976
86 	24    	4.07503	2.36833	0.188855	8.63231
87 	24    	4.075  	2.36957	0.188855	8.63362
88 	24    	4.07345	2.33709	0.188855	8.63362
89 	24    	4.07172	2.30447	0.188855	8.63231
90 	24    	4.06971	2.26969	0.189355	8.63231
91 	24    	4.06713	2.21835	0.189355	8.62004
92 	24    	4.06054	2.07413	0.191172	8.60515
93 	24    	4.05583	1.96064	0.687966	7.48061
94 	24    	4.05407	1.9595 	0.69372 	7.48161
95 	24    	4.05286	1.96032	0.69372 	7.48161
96 	24    	4.05249	1.96067	0.69372 	7.48161
97 	24    	4.05241	1.96103	0.69372 	7.48161
98 	24    	4.04589	1.95868	0.69372 	7.48161
99 	24    	4.03266	1.9566 	0.69372 	7.48161
100	24    	4.03266	1.9566 	0.69372 	7.48161
101	24    	4.01278	1.95251	0.69372 	7.48161
102	24    	3.98627	1.94641	0.69372 	7.48161
103	24    	3.95999	1.93975	0.69372 	7.47563
104	24    	3.90906	1.92902	0.688535	7.50812
105	24    	3.88969	1.92539	0.691839	7.488  
106	24    	3.88476	1.92612	0.685984	7.49036
107	24    	3.88012	1.92792	0.685984	7.49036
108	24    	3.87592	1.92917	0.695332	7.47137
109	24    	3.87202	1.93043	0.695332	7.47137
110	24    	3.85185	1.938  	0.69403 	7.44441
111	24    	3.83858	1.93086	0.69403 	7.44441
112	24    	3.81485	1.94054	0.680134	7.42643
113	24    	3.79573	1.95914	0.680134	7.37969
114	24    	3.793  	1.95589	0.680134	7.35803
115	24    	3.79148	1.95474	0.680134	7.35803
116	24    	3.78929	1.95599	0.678534	7.38543
117	24    	3.78816	1.9578 	0.678534	7.38543
118	24    	3.78685	1.95951	0.678534	7.38543
119	24    	3.78047	1.96814	0.678534	7.38543
120	24    	3.77347	1.9774 	0.678534	7.38543
--- 5452.430097103119 seconds ---
ran GA
