preds
ITGAL
['RASSF5', 'ICAM1', 'F11R']
preds
RHOA
['F11R', 'CXCR4', 'ICAM1']
preds
RAC1
['F11R', 'CXCR4', 'ICAM1']
preds
RAC2
['F11R', 'CXCR4', 'ICAM1']
preds
PTK2B
['JAM3', 'RASSF5', 'ITGAL']
preds
CDC42
['F11R', 'CXCR4', 'ICAM1']
gen	nevals	avg    	std    	min        	max    
0  	24    	5.38884	6.02077	0.000115648	20.4227
1  	24    	4.85452	6.02567	6.22602e-05	20.45  
2  	24    	4.58768	6.02238	9.43805e-05	20.4227
3  	24    	4.40294	6.04213	9.45619e-05	20.4227
4  	24    	4.29443	6.08338	0.000103379	20.4299
5  	24    	4.23441	6.05317	0.000103379	20.4227
6  	24    	4.18052	5.95846	7.96299e-05	19.8835
7  	24    	4.12668	5.8132 	4.23563e-05	19.8773
8  	24    	4.05798	5.55609	7.96299e-05	19.8539
9  	24    	3.99039	5.54946	7.96299e-05	16.972 
10 	24    	3.96115	5.54474	7.96299e-05	16.9441
11 	24    	3.93982	5.53432	6.31583e-05	16.943 
12 	24    	3.92733	5.53593	3.80121e-05	16.5759
13 	24    	3.92302	5.53077	3.80121e-05	16.584 
14 	24    	3.92038	5.52753	0.000100571	16.5698
15 	24    	3.91784	5.52524	0.00010057 	16.5698
16 	24    	3.91488	5.52388	5.6223e-05 	16.5698
17 	24    	3.91317	5.52215	5.6223e-05 	16.5698
18 	24    	3.91035	5.52331	5.6223e-05 	16.572 
19 	24    	3.90926	5.52308	5.6223e-05 	16.5621
20 	24    	3.9082 	5.52111	5.6223e-05 	16.5621
21 	24    	3.90636	5.5192 	5.6223e-05 	16.5621
22 	24    	3.90533	5.51725	5.6223e-05 	16.5621
23 	24    	3.9048 	5.51644	9.71007e-05	16.5621
24 	24    	3.90424	5.51479	9.71007e-05	16.5532
25 	24    	3.90332	5.51454	9.71007e-05	16.5532
26 	24    	3.9028 	5.5156 	4.97401e-05	16.5532
27 	24    	3.90276	5.51627	4.97401e-05	16.5532
28 	24    	3.89987	5.50435	4.97401e-05	16.5569
29 	24    	3.89947	5.5044 	4.97401e-05	16.5569
30 	24    	3.8991 	5.50353	9.71007e-05	16.5569
31 	24    	3.89749	5.4921 	9.71007e-05	16.5569
32 	24    	3.89746	5.49304	9.25201e-05	16.5569
33 	24    	3.89718	5.48291	9.25201e-05	16.5569
34 	24    	3.89383	5.45976	7.06848e-05	16.5569
35 	24    	3.88909	5.42387	7.06848e-05	16.5569
36 	24    	3.87659	5.328  	6.44113e-05	16.5569
37 	24    	3.86491	5.23298	6.44113e-05	15.4983
38 	24    	3.8596 	5.22607	5.80185e-05	15.4989
39 	24    	3.8514 	5.22107	5.80185e-05	15.4989
40 	24    	3.83779	5.21502	6.99372e-05	15.4989
41 	24    	3.82563	5.21029	5.85801e-05	15.4727
42 	24    	3.80774	5.21287	5.85801e-05	15.4727
43 	24    	3.77026	5.21711	0.000150812	16.5515
44 	24    	3.7331 	5.20902	6.68385e-05	15.5836
45 	24    	3.72588	5.19658	6.68385e-05	15.5836
46 	24    	3.72337	5.1939 	6.68385e-05	15.5836
47 	24    	3.71792	5.18672	8.38956e-05	15.4834
48 	24    	3.71329	5.17702	8.38956e-05	15.4911
49 	24    	3.71031	5.1692 	8.38956e-05	15.4911
50 	24    	3.70383	5.15545	0.000129735	15.5053
51 	24    	3.69294	5.13743	0.000112341	15.4906
52 	24    	3.68943	5.13037	0.000112341	15.4906
53 	24    	3.68778	5.12666	0.000110064	15.4027
54 	24    	3.68622	5.12592	5.12666e-05	15.4027
55 	24    	3.68617	5.12598	5.12666e-05	15.3951
56 	24    	3.68471	5.12316	5.12666e-05	15.3968
57 	24    	3.68353	5.12109	5.12666e-05	15.3968
58 	24    	3.68277	5.11918	5.12666e-05	15.3968
59 	24    	3.68232	5.11934	5.12666e-05	15.3968
60 	24    	3.68186	5.11605	5.12666e-05	15.388 
61 	24    	3.68145	5.1146 	2.10277e-05	15.3794
62 	24    	3.68127	5.11449	2.10277e-05	15.3794
63 	24    	3.68101	5.11544	2.10277e-05	15.3794
64 	24    	3.6804 	5.11239	2.10277e-05	15.3794
65 	24    	3.68038	5.11261	2.10277e-05	15.3794
66 	24    	3.68037	5.11379	2.10277e-05	15.3794
67 	24    	3.67917	5.11148	5.12666e-05	15.3794
68 	24    	3.67891	5.11058	5.12666e-05	15.3794
69 	24    	3.67891	5.11058	5.12666e-05	15.3794
70 	24    	3.67891	5.11058	5.12666e-05	15.3794
71 	24    	3.67879	5.11056	5.12666e-05	15.3794
72 	24    	3.67874	5.11066	5.12666e-05	15.3794
73 	24    	3.6785 	5.11004	5.12666e-05	15.3794
74 	24    	3.67817	5.11002	5.12666e-05	15.3794
75 	24    	3.67817	5.11002	5.12666e-05	15.3794
76 	24    	3.67817	5.11002	5.12666e-05	15.3794
77 	24    	3.67817	5.11002	5.12666e-05	15.3794
78 	24    	3.6781 	5.11061	5.12666e-05	15.3794
79 	24    	3.6781 	5.11061	5.12666e-05	15.3794
80 	24    	3.67726	5.1091 	5.12666e-05	15.3794
81 	24    	3.67689	5.10825	5.12666e-05	15.3794
82 	24    	3.67672	5.1077 	3.39239e-05	15.3727
83 	24    	3.67657	5.10682	3.39239e-05	15.3727
84 	24    	3.67655	5.10682	3.39239e-05	15.3727
85 	24    	3.67655	5.10682	3.39239e-05	15.3727
86 	24    	3.67623	5.10555	3.39239e-05	15.3342
87 	24    	3.67608	5.10602	3.39239e-05	15.3342
88 	24    	3.67577	5.10503	3.39239e-05	15.3342
89 	24    	3.67577	5.10503	3.39239e-05	15.3342
90 	24    	3.67566	5.10563	3.39239e-05	15.3354
91 	24    	3.67566	5.10563	3.39239e-05	15.3354
92 	24    	3.67553	5.1054 	3.39239e-05	15.3354
93 	24    	3.67553	5.1054 	3.39239e-05	15.3354
94 	24    	3.6753 	5.10543	3.39239e-05	15.3804
95 	24    	3.6753 	5.10543	3.39239e-05	15.3804
96 	24    	3.6753 	5.10543	3.39239e-05	15.3804
97 	24    	3.6753 	5.10543	3.39239e-05	15.3804
98 	24    	3.6753 	5.10543	3.39239e-05	15.3804
99 	24    	3.6753 	5.10543	3.39239e-05	15.3804
100	24    	3.6753 	5.10543	3.39239e-05	15.3804
101	24    	3.6712 	5.10502	3.39239e-05	15.3804
102	24    	3.67056	5.10536	3.39239e-05	15.3804
103	24    	3.6659 	5.11236	3.39239e-05	15.4573
104	24    	3.65508	5.12124	5.12666e-05	15.4779
105	24    	3.63893	5.12481	7.26e-05   	15.4779
106	24    	3.61609	5.15187	7.26e-05   	15.5408
107	24    	3.6062 	5.14861	9.79626e-05	15.519 
108	24    	3.60114	5.14011	7.13307e-05	15.4758
109	24    	3.59821	5.13196	7.13307e-05	15.4418
110	24    	3.59628	5.12761	7.13307e-05	15.4418
111	24    	3.59282	5.11976	7.13307e-05	15.3971
112	24    	3.59194	5.11792	7.13307e-05	15.3971
113	24    	3.59093	5.11792	7.13307e-05	15.4346
114	24    	3.5901 	5.11685	7.13307e-05	15.4346
115	24    	3.58772	5.11308	7.13307e-05	15.4346
116	24    	3.5873 	5.11114	7.13307e-05	15.4346
117	24    	3.58666	5.11115	7.13307e-05	15.4346
118	24    	3.58659	5.11147	7.13307e-05	15.4346
119	24    	3.58659	5.11147	7.13307e-05	15.4346
120	24    	3.58637	5.1118 	0.000111416	15.4346
--- 5271.110146999359 seconds ---
ran GA
