slurmstepd: error: task/cgroup: unable to add task[pid=91252] to memory cg '(null)'
preds
WASF1
['ARHGEF6', 'NCKAP1', 'BCAR1']
preds
APC
['CRK', 'PTK2', 'RHOA']
preds
ABI2
['NCKAP1', 'GNG12', 'GIT1']
preds
NCKAP1
['ABI2', 'BCAR1', 'GNG12']
preds
BAIAP2
['PTK2', 'CDC42', 'RHOA']
preds
GIT1
['RHOA', 'CDC42', 'CXCR4']
preds
CDC42
['RHOA', 'PTK2', 'FN1']
preds
RHOA
['CDC42', 'SLC9A1', 'PTK2']
preds
ARHGEF6
['WASF1', 'NCKAP1', 'GIT1']
preds
GNG12
['ABI2', 'BCAR1', 'NCKAP1']
preds
CRK
['RHOA', 'APC', 'WASF1']
preds
BCAR1
['NCKAP1', 'GNG12', 'WASF1']
preds
PTK2
['RHOA', 'CDC42', 'APC']
preds
FN1
['RHOA', 'CDC42', 'BAIAP2']
gen	nevals	avg    	std    	min      	max    
0  	24    	8.58613	6.04024	0.0466597	20.8918
1  	24    	7.4752 	5.47785	0.0446403	20.8918
2  	24    	6.18393	4.68713	0.0428004	20.8918
3  	24    	5.38874	4.11137	0.0428004	19.0436
4  	24    	4.97278	4.01784	0.174367 	19.0436
5  	24    	4.72696	3.98073	0.171189 	20.8918
6  	24    	4.49921	3.76049	0.170812 	18.004 
7  	24    	4.26262	3.42725	0.169647 	16.7672
8  	24    	4.05985	2.9646 	0.172151 	16.7428
9  	24    	3.83416	2.12362	0.288719 	10.2655
10 	24    	3.76485	2.01144	0.712645 	10.2626
11 	24    	3.74343	1.99478	0.712645 	9.77624
12 	24    	3.71503	1.95352	0.712645 	9.77624
13 	24    	3.68425	1.92649	0.712645 	9.77624
14 	24    	3.66208	1.89509	0.657786 	9.77624
15 	24    	3.64456	1.86923	0.657786 	9.77624
16 	24    	3.63801	1.86356	0.657786 	9.76599
17 	24    	3.63678	1.86089	0.657786 	9.7671 
18 	24    	3.62836	1.85484	0.642652 	9.7671 
19 	24    	3.61828	1.84269	0.642652 	9.47632
20 	24    	3.60804	1.83896	0.642652 	9.46732
21 	24    	3.57102	1.84141	0.642652 	9.46666
22 	24    	3.52547	1.86512	0.642652 	9.46666
23 	24    	3.47057	1.86004	0.642652 	8.01537
24 	24    	3.45139	1.82722	0.605088 	8.04109
25 	24    	3.40946	1.74085	0.604928 	5.89917
26 	24    	3.40628	1.74088	0.604928 	5.875  
27 	24    	3.40484	1.73996	0.599762 	5.87105
28 	24    	3.40391	1.73977	0.599762 	5.89035
29 	24    	3.40315	1.73902	0.599762 	5.90956
30 	24    	3.40233	1.73767	0.599047 	5.90956
31 	24    	3.40163	1.73617	0.596126 	5.90956
32 	24    	3.40095	1.73548	0.596126 	5.90956
33 	24    	3.40051	1.73442	0.596126 	5.90956
34 	24    	3.39935	1.73387	0.596126 	5.90956
35 	24    	3.39885	1.73295	0.596126 	5.88567
36 	24    	3.39855	1.73256	0.596126 	5.86121
37 	24    	3.39843	1.73251	0.596126 	5.86121
38 	24    	3.39656	1.72831	0.596126 	5.95271
39 	24    	3.39456	1.72409	0.596126 	5.95271
40 	24    	3.39102	1.71674	0.596126 	5.96368
41 	24    	3.38458	1.70447	0.596126 	6.15296
42 	24    	3.37451	1.67859	0.596126 	6.18233
43 	24    	3.36031	1.63965	0.729624 	6.18233
44 	24    	3.35644	1.63758	0.727303 	6.15296
45 	24    	3.35434	1.63799	0.727303 	6.18662
46 	24    	3.35249	1.63615	0.728671 	6.18662
47 	24    	3.3503 	1.63526	0.728671 	6.18756
48 	24    	3.34762	1.63242	0.728671 	6.18756
49 	24    	3.34373	1.62746	0.728117 	6.02291
50 	24    	3.3392 	1.62436	0.728117 	5.99824
51 	24    	3.33709	1.62193	0.729738 	5.99824
52 	24    	3.33602	1.62201	0.727811 	5.9755 
53 	24    	3.33549	1.62189	0.727811 	5.97756
54 	24    	3.33475	1.62179	0.730076 	5.97756
55 	24    	3.33412	1.62146	0.730081 	5.97756
56 	24    	3.33289	1.62077	0.730081 	5.97756
57 	24    	3.33249	1.62124	0.730081 	5.97756
58 	24    	3.33117	1.61944	0.730081 	5.97756
59 	24    	3.33013	1.61899	0.727437 	5.97756
60 	24    	3.32761	1.61675	0.727437 	5.98778
61 	24    	3.3251 	1.6142 	0.727437 	5.99596
62 	24    	3.32008	1.60975	0.727437 	6.01953
63 	24    	3.31337	1.60311	0.727437 	6.01953
64 	24    	3.30911	1.60142	0.727437 	6.01953
65 	24    	3.30468	1.59701	0.727408 	6.01953
66 	24    	3.30131	1.59506	0.727408 	5.96531
67 	24    	3.29876	1.59249	0.727408 	5.96531
68 	24    	3.29677	1.59205	0.730635 	5.9906 
69 	24    	3.29585	1.59146	0.730635 	5.9906 
70 	24    	3.2945 	1.59186	0.725665 	5.9906 
71 	24    	3.29379	1.59218	0.725665 	5.9906 
72 	24    	3.29326	1.5924 	0.725665 	5.9906 
73 	24    	3.29198	1.59283	0.732215 	5.9906 
74 	24    	3.28909	1.59462	0.729921 	5.95825
75 	24    	3.28583	1.59514	0.729921 	5.94599
76 	24    	3.28368	1.59502	0.727372 	5.94292
77 	24    	3.2809 	1.59358	0.730279 	6.01347
78 	24    	3.27982	1.593  	0.730279 	6.01347
79 	24    	3.27712	1.59488	0.730458 	6.24488
80 	24    	3.27627	1.59376	0.730148 	6.24488
81 	24    	3.27568	1.59272	0.730148 	6.24488
82 	24    	3.27363	1.59511	0.730148 	6.24814
83 	24    	3.27334	1.59446	0.728539 	6.24814
84 	24    	3.26914	1.59896	0.728539 	6.24994
85 	24    	3.2667 	1.60023	0.728539 	6.24994
86 	24    	3.26116	1.61013	0.727952 	6.25533
87 	24    	3.25425	1.62301	0.727952 	6.25533
88 	24    	3.24008	1.64762	0.727952 	6.56013
89 	24    	3.23076	1.65857	0.730931 	6.2595 
90 	24    	3.22877	1.65714	0.732065 	6.26044
91 	24    	3.22757	1.65711	0.732065 	6.2595 
92 	24    	3.22684	1.65688	0.732065 	6.25671
93 	24    	3.22583	1.65625	0.731563 	6.25671
94 	24    	3.22479	1.65584	0.731563 	6.25745
95 	24    	3.22429	1.65557	0.731563 	6.25745
96 	24    	3.22342	1.65529	0.730785 	6.25745
97 	24    	3.22225	1.65444	0.730785 	6.25745
98 	24    	3.21902	1.64845	0.724695 	6.25671
99 	24    	3.21686	1.64644	0.724695 	6.31598
100	24    	3.21335	1.64335	0.727484 	6.31598
101	24    	3.21062	1.63765	0.727156 	6.31598
102	24    	3.2063 	1.63326	0.727156 	7.0661 
103	24    	3.19607	1.61275	0.727156 	7.0661 
104	24    	3.18116	1.5879 	0.726648 	5.9525 
105	24    	3.17518	1.58237	0.726648 	5.95002
106	24    	3.17186	1.58122	0.726648 	5.97335
107	24    	3.16626	1.57645	0.726648 	5.97335
108	24    	3.16445	1.57509	0.726648 	5.97335
109	24    	3.16317	1.57385	0.72758  	5.97335
110	24    	3.16211	1.57336	0.732692 	5.97335
111	24    	3.16125	1.57348	0.732692 	5.97335
112	24    	3.16054	1.57296	0.730837 	5.97335
113	24    	3.16028	1.57225	0.730837 	5.97335
114	24    	3.1599 	1.57166	0.730837 	5.97335
115	24    	3.15941	1.57197	0.730837 	6.13672
116	24    	3.15895	1.5725 	0.731229 	6.16882
117	24    	3.15877	1.57218	0.731229 	6.13672
118	24    	3.15864	1.57213	0.731229 	6.13672
119	24    	3.15825	1.57155	0.731229 	6.08788
120	24    	3.15823	1.57183	0.731229 	6.08788
--- 13194.347623586655 seconds ---
ran GA
