preds
RHEB
['PDPK1', 'PTK2', 'PIK3AP1']
preds
TSC2
['PIK3AP1', 'BCL2', 'FOXO3']
preds
TSC1
['PIK3AP1', 'PTEN', 'CDKN1B']
preds
PDPK1
['IRS1', 'CRTC2', 'RAC1']
preds
PTEN
['BCL2', 'MYB', 'NOS3']
preds
IRS1
['PDPK1', 'CRTC2', 'STK11']
preds
GSK3B
['MDM2', 'BCL2', 'NR4A1']
preds
CDKN1B
['NOS3', 'MYB', 'TSC1']
preds
FOXO3
['THEM4', 'NR4A1', 'GSK3B']
preds
BAD
['PDPK1', 'CRTC2', 'RAC1']
preds
MDM2
['GSK3B', 'BCL2', 'THEM4']
preds
BCL2L1
['IRS1', 'PTK2', 'GRB2']
preds
GRB2
['BCL2L1', 'PTK2', 'CRTC2']
preds
THEM4
['FOXO3', 'NOS3', 'BCL2']
preds
CDC37
['RAC1', 'PDPK1', 'CRTC2']
preds
NOS3
['THEM4', 'PTEN', 'CDKN1B']
preds
CRTC2
['IRS1', 'RAC1', 'PDPK1']
preds
CDKN1A
['BCL2', 'THEM4', 'PTEN']
preds
CASP9
['PTK2', 'RAC1', 'IRS1']
preds
RAF1
['RBL2', 'CRTC2', 'GRB2']
preds
CD19
['SYK', 'CDC37', 'GRB2']
preds
PTK2
['BCL2L1', 'RAC1', 'PDPK1']
preds
RAC1
['CRTC2', 'EIF4EBP1', 'BRCA1']
preds
BRCA1
['RAC1', 'GRB2', 'PDPK1']
preds
BCL2
['PTEN', 'MDM2', 'THEM4']
preds
MCL1
['MYC', 'PTEN', 'THEM4']
preds
MYB
['PTEN', 'CDKN1B', 'DDIT4']
preds
PIK3AP1
['TSC1', 'TSC2', 'MYB']
preds
NR4A1
['CCND1', 'FOXO3', 'GSK3B']
gen	nevals	avg    	std    	min      	max    
0  	24    	8.75043	5.48479	0.0739533	22.1622
1  	24    	7.50084	4.7889 	0.0507065	22.1622
2  	24    	7.03938	4.59564	0.144981 	22.1658
3  	24    	6.65358	4.49828	0.0138066	22.1918
4  	24    	6.40552	4.31233	0.0138066	22.2232
5  	24    	6.15692	4.06489	0.119377 	22.2232
6  	24    	5.95339	3.84425	0.119377 	21.6953
7  	24    	5.79844	3.5236 	0.0881945	21.6588
8  	24    	5.65594	3.08324	0.111418 	21.6588
9  	24    	5.55104	3.04673	0.111418 	21.2082
10 	24    	5.49746	3.01187	0.111418 	18.0462
11 	24    	5.37374	3.02637	0.111418 	18.0462
12 	24    	5.2518 	3.00575	0.111418 	18.0462
13 	24    	5.16779	2.86716	0.111418 	18.0462
14 	24    	5.04614	2.71409	0.139788 	19.6744
15 	24    	4.95117	2.59706	0.139788 	17.827 
16 	24    	4.9102 	2.54283	0.139632 	14.3017
17 	24    	4.86177	2.4992 	0.139738 	14.304 
18 	24    	4.82552	2.33676	0.359132 	13.365 
19 	24    	4.7667 	2.26389	0.123857 	13.365 
20 	24    	4.71236	2.22539	0.122978 	13.365 
21 	24    	4.63474	2.15766	0.105615 	13.365 
22 	24    	4.60769	2.18309	0.105615 	13.365 
23 	24    	4.56859	2.24482	0.104447 	13.365 
24 	24    	4.5372 	2.24891	0.104447 	13.365 
25 	24    	4.49549	2.26942	0.102504 	13.365 
26 	24    	4.48158	2.22432	0.102504 	13.365 
27 	24    	4.47591	2.16311	0.160073 	11.126 
28 	24    	4.47108	2.17791	0.158832 	11.126 
29 	24    	4.46518	2.21127	0.154302 	11.126 
30 	24    	4.46124	2.21122	0.154302 	11.1298
31 	24    	4.45834	2.20386	0.154302 	11.1313
32 	24    	4.4538 	2.18997	0.158642 	11.1337
33 	24    	4.44577	2.16859	0.158832 	11.1337
34 	24    	4.42941	2.11862	0.161438 	11.1313
35 	24    	4.41003	2.04586	0.19319  	7.42542
36 	24    	4.40613	2.04421	0.19319  	7.44301
37 	24    	4.40103	2.04197	0.198346 	7.43705
38 	24    	4.39359	2.03858	0.197452 	7.43943
39 	24    	4.37668	2.04355	0.153865 	12.7784
40 	24    	4.35103	2.01963	0.196819 	7.43533
41 	24    	4.33949	2.01508	0.196819 	7.43705
42 	24    	4.3369 	2.01379	0.196892 	7.43705
43 	24    	4.33137	2.0107 	0.196892 	7.43533
44 	24    	4.32314	2.00602	0.198307 	7.43531
45 	24    	4.30667	1.99776	0.199805 	7.42744
46 	24    	4.30092	1.99447	0.200259 	7.42744
47 	24    	4.297  	1.99302	0.201846 	7.42744
48 	24    	4.29619	1.99256	0.201846 	7.42744
49 	24    	4.28398	1.99038	0.198357 	7.42744
50 	24    	4.26426	1.98845	0.196934 	7.43949
51 	24    	4.23916	1.9797 	0.19848  	7.42389
52 	24    	4.23596	1.97809	0.19848  	7.4188 
53 	24    	4.23546	1.97792	0.19848  	7.40991
54 	24    	4.2354 	1.97786	0.19848  	7.40821
55 	24    	4.23502	1.97753	0.19848  	7.41377
56 	24    	4.23484	1.97743	0.197311 	7.41377
57 	24    	4.23462	1.9775 	0.197311 	7.41377
58 	24    	4.23365	1.9774 	0.197311 	7.41377
59 	24    	4.23155	1.977  	0.197311 	7.41377
60 	24    	4.22854	1.97643	0.197311 	7.41568
61 	24    	4.22423	1.97629	0.199018 	7.41568
62 	24    	4.21885	1.97519	0.199018 	7.41568
63 	24    	4.21676	1.97467	0.197826 	7.40685
64 	24    	4.21466	1.9726 	0.197826 	7.41006
65 	24    	4.21251	1.97066	0.202221 	7.41006
66 	24    	4.20643	1.97046	0.202221 	7.41006
67 	24    	4.20265	1.965  	0.202221 	7.41006
68 	24    	4.18809	1.95968	0.202221 	7.41006
69 	24    	4.17674	1.95043	0.197521 	7.57699
70 	24    	4.17347	1.95255	0.197521 	7.3954 
71 	24    	4.16389	1.96036	0.201977 	7.37989
72 	24    	4.16054	1.96462	0.201977 	7.37989
73 	24    	4.15649	1.9736 	0.201977 	7.37989
74 	24    	4.15029	1.97664	0.201977 	7.39011
75 	24    	4.13955	1.99661	0.208198 	7.38201
76 	24    	4.13724	1.98347	0.202714 	7.3766 
77 	24    	4.13292	1.95145	0.200933 	8.14826
78 	24    	4.13102	1.94434	0.200933 	7.39085
79 	24    	4.13033	1.944  	0.200933 	7.39085
80 	24    	4.12991	1.94375	0.200933 	7.37849
81 	24    	4.12963	1.94353	0.207732 	7.37849
82 	24    	4.12957	1.94341	0.206064 	7.37849
83 	24    	4.12924	1.94382	0.146258 	8.26928
84 	24    	4.12885	1.94422	0.146258 	8.26928
85 	24    	4.12857	1.94473	0.146258 	8.26928
86 	24    	4.12796	1.94569	0.142821 	8.26928
87 	24    	4.1274 	1.94697	0.142821 	8.26928
88 	24    	4.12665	1.94842	0.142821 	8.26928
89 	24    	4.12526	1.95111	0.139537 	8.27457
90 	24    	4.12273	1.95336	0.139537 	8.27457
91 	24    	4.11965	1.95362	0.139076 	8.2699 
92 	24    	4.11799	1.95305	0.142975 	8.26912
93 	24    	4.11442	1.95321	0.142723 	8.27897
94 	24    	4.10973	1.95314	0.141543 	8.27897
95 	24    	4.10118	1.95462	0.139119 	8.27897
96 	24    	4.0924 	1.95505	0.135375 	8.27897
97 	24    	4.09144	1.95454	0.140934 	8.27347
98 	24    	4.08501	1.95726	0.136722 	8.27053
99 	24    	4.07719	1.96047	0.136722 	8.27053
100	24    	4.06917	1.96315	0.136722 	8.27053
101	24    	4.05554	1.96791	0.136722 	8.28077
102	24    	4.03183	1.97532	0.168356 	7.41219
103	24    	4.02915	1.97625	0.164296 	7.39995
104	24    	4.02579	1.97895	0.16061  	7.39995
105	24    	4.0233 	1.98102	0.16061  	7.66725
106	24    	4.01647	1.98726	0.16061  	7.67024
107	24    	4.00915	1.99301	0.167382 	7.67194
108	24    	4.00467	1.99673	0.167553 	7.68177
109	24    	3.99392	2.00947	0.162625 	7.68177
110	24    	3.98571	2.01953	0.167553 	7.68177
111	24    	3.98421	2.01757	0.16183  	7.68098
112	24    	3.98317	2.01492	0.16183  	7.68984
113	24    	3.97989	2.00984	0.16183  	7.68984
114	24    	3.97697	2.00608	0.16183  	7.68984
115	24    	3.96742	1.99638	0.163661 	7.68334
116	24    	3.96268	1.9938 	0.161138 	7.67923
117	24    	3.9573 	1.99668	0.161138 	7.67923
118	24    	3.94735	2.00362	0.162983 	7.67923
119	24    	3.93352	2.00233	0.162135 	7.68208
120	24    	3.92986	1.99264	0.162135 	7.68208
--- 15969.428146123886 seconds ---
ran GA
