preds
RHEB
['BCL2L1', 'PIK3AP1', 'FOXO3']
preds
TSC2
['TSC1', 'BCL2', 'PTEN']
preds
TSC1
['TSC2', 'CDKN1B', 'GSK3B']
preds
PDPK1
['IRS1', 'CRTC2', 'RAC1']
preds
PTEN
['MDM2', 'BCL2', 'GSK3B']
preds
IRS1
['PDPK1', 'PTK2', 'CRTC2']
preds
GSK3B
['PTEN', 'NOS3', 'FOXO3']
preds
CDKN1B
['CDKN1A', 'PTEN', 'MCL1']
preds
FOXO3
['THEM4', 'NR4A1', 'GSK3B']
preds
BAD
['PDPK1', 'CRTC2', 'BRCA1']
preds
MDM2
['PTEN', 'NR4A1', 'THEM4']
preds
BCL2L1
['RAC1', 'CDC37', 'PDPK1']
preds
GRB2
['CASP9', 'EIF4EBP1', 'PTK2']
preds
THEM4
['FOXO3', 'NOS3', 'NR4A1']
preds
CDC37
['CASP9', 'BCL2L1', 'PTK2']
preds
NOS3
['GSK3B', 'THEM4', 'PTEN']
preds
CRTC2
['IRS1', 'RAC1', 'PDPK1']
preds
CDKN1A
['CDKN1B', 'BCL2', 'TSC1']
preds
CASP9
['CDC37', 'GRB2', 'IRS1']
preds
RAF1
['PTK2', 'CDC37', 'IRS1']
preds
CD19
['GRB2', 'BCL2L1', 'IRS1']
preds
PTK2
['IRS1', 'EIF4E', 'RAC1']
preds
RAC1
['BCL2L1', 'CRTC2', 'IRS1']
preds
BRCA1
['RAC1', 'CASP9', 'GRB2']
preds
BCL2
['PTEN', 'THEM4', 'CDKN1A']
preds
MCL1
['PTEN', 'CDKN1B', 'FOXO3']
preds
MYB
['PTEN', 'THEM4', 'PIK3AP1']
preds
PIK3AP1
['MYB', 'MDM2', 'GSK3B']
preds
NR4A1
['FOXO3', 'THEM4', 'BCL2']
gen	nevals	avg    	std   	min       	max    
0  	24    	9.37422	5.9584	0.00186459	21.7352
1  	24    	8.33019	5.56755	0.00186459	21.7352
2  	24    	7.7947 	5.36421	0.00186459	23.5238
3  	24    	7.34166	4.94848	0.00235088	21.7352
4  	24    	7.06837	4.65194	0.00235088	21.7352
5  	24    	6.75819	4.42625	0.00235088	21.6117
6  	24    	6.42388	4.32482	0.00235088	21.6117
7  	24    	6.34863	4.15489	0.00235088	19.9881
8  	24    	6.09165	4.08999	0.00235088	19.9881
9  	24    	6.01171	4.09487	0.00235088	19.9881
10 	24    	5.91214	4.07863	0.00463025	19.9881
11 	24    	5.85809	4.15756	0.222949  	19.3324
12 	24    	5.83671	4.20058	0.222949  	18.5116
13 	24    	5.80388	4.08394	0.222661  	18.516 
14 	24    	5.79229	4.03549	0.222661  	18.516 
15 	24    	5.76899	4.0562 	0.222661  	18.0437
16 	24    	5.74156	3.96564	0.222661  	18.0437
17 	24    	5.69368	3.8138 	0.222661  	18.0437
18 	24    	5.6212 	3.64545	0.232194  	18.0112
19 	24    	5.60639	3.64948	0.318013  	18.0112
20 	24    	5.55861	3.65302	0.31548   	18.0112
21 	24    	5.51037	3.70443	0.31193   	18.0112
22 	24    	5.50079	3.65161	0.31193   	18.0112
23 	24    	5.48757	3.55373	0.31193   	18.0112
24 	24    	5.43424	3.67692	0.311473  	18.0112
25 	24    	5.39104	3.72398	0.311473  	18.0112
26 	24    	5.35786	3.7273 	0.311473  	18.0112
27 	24    	5.32545	3.6979 	0.311473  	18.0112
28 	24    	5.29543	3.68378	0.311473  	18.0112
29 	24    	5.26593	3.63379	0.31116   	18.0112
30 	24    	5.23278	3.56325	0.31116   	18.0112
31 	24    	5.2016 	3.45975	0.31116   	18.0112
32 	24    	5.18906	3.43841	0.312557  	18.0112
33 	24    	5.17319	3.44337	0.311458  	18.0112
34 	24    	5.16231	3.4462 	0.312645  	18.0112
35 	24    	5.16056	3.42785	0.312645  	18.0112
36 	24    	5.15854	3.39115	0.312645  	18.0112
37 	24    	5.15368	3.33704	0.312645  	18.0112
38 	24    	5.14856	3.25299	0.309611  	18.0112
39 	24    	5.14288	3.23386	0.312645  	18.0112
40 	24    	5.13496	3.2385 	0.312147  	18.0112
41 	24    	5.10689	3.22412	0.312147  	18.0112
42 	24    	5.04918	3.14297	0.313058  	18.0112
43 	24    	5.00379	3.05919	0.31348   	18.0112
44 	24    	4.89184	2.85826	0.311573  	18.0112
45 	24    	4.82244	2.70813	0.311497  	15.7912
46 	24    	4.80548	2.69805	0.309892  	15.7912
47 	24    	4.76926	2.63688	0.309892  	11.1661
48 	24    	4.73845	2.63824	0.309892  	10.6413
49 	24    	4.71516	2.63292	0.309892  	10.5642
50 	24    	4.69981	2.62321	0.311791  	14.0177
51 	24    	4.63984	2.61149	0.305132  	14.0238
52 	24    	4.61712	2.59353	0.31025   	10.6321
53 	24    	4.60938	2.56128	0.310273  	10.6089
54 	24    	4.60385	2.49036	0.310273  	10.661 
55 	24    	4.58413	2.45053	0.307656  	12.5179
56 	24    	4.56008	2.45544	0.306736  	10.6627
57 	24    	4.53109	2.39849	0.459931  	10.6627
58 	24    	4.50539	2.39257	0.459931  	10.6627
59 	24    	4.47105	2.39387	0.459931  	10.6656
60 	24    	4.40917	2.38967	0.459931  	10.6647
61 	24    	4.35129	2.37242	0.459931  	10.6671
62 	24    	4.33371	2.36177	0.459931  	10.6671
63 	24    	4.31869	2.34606	0.459931  	10.6671
64 	24    	4.2707 	2.2948 	0.418792  	10.6671
65 	24    	4.24418	2.26151	0.418792  	10.1232
66 	24    	4.23005	2.24971	0.418792  	10.1233
67 	24    	4.18901	2.21853	0.270732  	12.4337
68 	24    	4.15515	2.18721	0.268373  	12.4645
69 	24    	4.08792	2.10839	0.268373  	12.4645
70 	24    	3.97112	1.92979	0.411909  	9.98951
71 	24    	3.95477	1.91446	0.40987   	9.77353
72 	24    	3.94198	1.9181 	0.40987   	9.12753
73 	24    	3.93662	1.93314	0.412893  	9.14067
74 	24    	3.93043	1.96316	0.414585  	9.207  
75 	24    	3.9282 	1.97699	0.414113  	9.207  
76 	24    	3.92486	2.01877	0.413876  	9.22584
77 	24    	3.92041	2.07218	0.413876  	9.22584
78 	24    	3.9091 	2.19785	0.413876  	9.22584
79 	24    	3.90213	2.22121	0.413876  	9.17313
80 	24    	3.90069	2.21947	0.413876  	9.17313
81 	24    	3.90013	2.21904	0.413876  	9.17313
82 	24    	3.89849	2.22309	0.414404  	9.20429
83 	24    	3.89463	2.22725	0.414404  	9.20429
84 	24    	3.88656	2.23942	0.414035  	9.20429
85 	24    	3.8811 	2.24308	0.410072  	9.20429
86 	24    	3.87293	2.24565	0.414035  	9.21204
87 	24    	3.86204	2.2447 	0.413092  	9.21204
88 	24    	3.85718	2.22652	0.412393  	9.17799
89 	24    	3.84778	2.22097	0.41121   	9.17799
90 	24    	3.83329	2.20728	0.41121   	9.17799
91 	24    	3.82636	2.19944	0.41121   	9.13166
92 	24    	3.81418	2.19478	0.412254  	9.13166
93 	24    	3.78807	2.1902 	0.410831  	9.26636
94 	24    	3.76073	2.18794	0.410831  	9.26636
95 	24    	3.74749	2.18191	0.410831  	9.14957
96 	24    	3.74578	2.17948	0.410831  	9.15153
97 	24    	3.74185	2.17742	0.410831  	9.15153
98 	24    	3.73457	2.16869	0.410831  	9.15153
99 	24    	3.72904	2.15973	0.412492  	9.1605 
100	24    	3.71706	2.1454 	0.414089  	9.14554
101	24    	3.7085 	2.13573	0.414089  	9.27718
102	24    	3.69453	2.1253 	0.413918  	9.08262
103	24    	3.68961	2.12746	0.413731  	9.03894
104	24    	3.68596	2.1291 	0.414361  	9.02157
105	24    	3.68309	2.13194	0.414361  	9.08546
106	24    	3.67903	2.13745	0.414361  	9.08546
107	24    	3.66811	2.1499 	0.41272   	9.08546
108	24    	3.65986	2.15802	0.41272   	9.10893
109	24    	3.65684	2.15545	0.41272   	9.07513
110	24    	3.65512	2.15413	0.412248  	9.06371
111	24    	3.65304	2.15116	0.412248  	9.04433
112	24    	3.65217	2.15034	0.41272   	9.04433
113	24    	3.65126	2.14872	0.41272   	9.02165
114	24    	3.65093	2.14899	0.41272   	9.02165
115	24    	3.65091	2.14903	0.41272   	9.02589
116	24    	3.65055	2.14831	0.414157  	9.01322
117	24    	3.65   	2.14815	0.414157  	9.01322
118	24    	3.64838	2.14809	0.414157  	9.01322
119	24    	3.64818	2.14858	0.414157  	9.01322
120	24    	3.64808	2.14859	0.414157  	9.01322
--- 18998.819264173508 seconds ---
ran GA
